# Migration is number of nodes that have changed color.

Round		Edge-Cut		Swaps		Migrations		Skipped
0		604578		63731		47686
1		602335		127462		46825
2		599665		191192		47240
3		598500		254923		47244
4		597656		318654		47580
5		597387		382385		47486
6		596910		446116		47549
7		594764		509847		47370
8		593703		573578		47529
9		592021		637309		47435
10		590899		701040		47492
11		590067		764770		47548
12		587995		828501		47351
13		585627		892232		47567
14		584322		955963		47611
15		580359		1019694		47383
16		576830		1083425		47596
17		571523		1147154		47295
18		567235		1210884		47476
19		562515		1274614		47533
20		560399		1338341		47671
21		555309		1402072		47583
22		547178		1465800		47653
23		541421		1529530		47374
24		536186		1593260		47594
25		526423		1656986		47289
26		517195		1720713		47557
27		510528		1784443		47501
28		505111		1848169		47343
29		498406		1911896		47534
30		491888		1975624		47460
31		487505		2039349		47462
32		481502		2103073		47560
33		474058		2166801		47671
34		465791		2230528		47702
35		462775		2294252		47171
36		455636		2357976		47561
37		452398		2421700		47618
38		445467		2485421		47416
39		434817		2549148		47489
40		428711		2612873		47431
41		419864		2676597		47499
42		412514		2740316		47369
43		405154		2804031		47445
44		398121		2867748		47420
45		394176		2931460		47540
46		387643		2995174		47597
47		383469		3058890		47513
48		378124		3122613		47576
49		373312		3186328		47494
50		368298		3250042		47503
51		363883		3313755		47528
52		359348		3377470		47599
53		356449		3441182		47514
54		353794		3504888		47527
55		352243		3568598		47492
56		349141		3632308		47473
57		346646		3696026		47504
58		343601		3759739		47328
59		340834		3823439		47442
60		337703		3887143		47643
61		333154		3950842		47419
62		328712		4014537		47606
63		328333		4078233		47598
64		325590		4141933		47480
65		323974		4205638		47462
66		321780		4269336		47671
67		319592		4333046		47614
68		317148		4396742		47455
69		314891		4460447		47579
70		312923		4524153		47673
71		310746		4587854		47561
72		309276		4651546		47667
73		306875		4715233		47592
74		304339		4778920		47639
75		303994		4842626		47411
76		302803		4906315		47565
77		298246		4969997		47693
78		296989		5033687		47663
79		295583		5097378		47648
80		290640		5161066		47750
81		287812		5224763		47699
82		286757		5288459		47748
83		286156		5352145		47652
84		282100		5415822		47796
85		281659		5479480		47717
86		279848		5543154		47769
87		278522		5606824		47446
88		275499		5670504		47691
89		273370		5734165		47639
90		271393		5797848		47707
91		269790		5861515		47701
92		267099		5925169		47842
93		263962		5988827		47738
94		260967		6052498		47747
95		261440		6116169		47667
96		259717		6179837		47733
97		255199		6243497		47788
98		255198		6307145		47722
99		254779		6370814		47737
100		250217		6434472		47936
101		249825		6498143		47807
102		249018		6561811		47652
103		248349		6625458		47734
104		245965		6689106		47795
105		245075		6752754		47711
106		243408		6816401		47730
107		244559		6880065		47811
108		243883		6943720		47710
109		241210		7007373		47639
110		240998		7071026		47786
111		242667		7134671		47659
112		240250		7198323		47706
113		238259		7261962		47664
114		237504		7325612		47623
115		237148		7389254		47713
116		235682		7452902		47691
117		235565		7516545		47608
118		234529		7580178		47624
119		233489		7643827		47679
120		232462		7707453		47723
121		233096		7771097		47629
122		231702		7834731		47706
123		230889		7898381		47680
124		230626		7962026		47638
125		229166		8025672		47665
126		229153		8089302		47773
127		227566		8152942		47707
128		228097		8216570		47725
129		227662		8280218		47707
130		227069		8343875		47747
131		226154		8407512		47697
132		226608		8471153		47701
133		225157		8534772		47727
134		224734		8598388		47697
135		225608		8662022		47649
136		224057		8725627		47748
137		224663		8789265		47733
138		224861		8852908		47783
139		224970		8916553		47868
140		224385		8980173		47749
141		222928		9043773		47776
142		222770		9107404		47726
143		222792		9171022		47716
144		222400		9234660		47723
145		222002		9298272		47786
146		220701		9361894		47775
147		220135		9425519		47716
148		221094		9489143		47681
149		220843		9552775		47621
150		219238		9616373		47693
151		218915		9679966		47621
152		218481		9743580		47681
153		219274		9807182		47799
154		218744		9870796		47697
155		218559		9934395		47590
156		218613		9998008		47650
157		218144		10061617		47735
158		217970		10125249		47707
159		218023		10188864		47724
160		216797		10252446		47727
161		217025		10316033		47637
162		217581		10379643		47715
163		217556		10443271		47754
164		215459		10506879		47666
165		216140		10570490		47651
166		215158		10634109		47739
167		214235		10697714		47761
168		212741		10761314		47724
169		211766		10824893		47770
170		211360		10888460		47674
171		210818		10952050		47666
172		211228		11015618		47792
173		210923		11079193		47807
174		210419		11142780		47854
175		210624		11206369		47795
176		209695		11269954		47734
177		210105		11333540		47797
178		209661		11397141		47787
179		209445		11460708		47745
180		208294		11524280		47750
181		208214		11587854		47750
182		206944		11651423		47820
183		206098		11714998		47741
184		206025		11778606		47742
185		205398		11842209		47803
186		205326		11905780		47709
187		206170		11969373		47794
188		205404		12032947		47780
189		204761		12096516		47742
190		205165		12160092		47761
191		205111		12223667		47802
192		204416		12287227		47733
193		204544		12350780		47712
194		204539		12414350		47751
195		204393		12477908		47790
196		203499		12541462		47749
197		202671		12605026		47826
198		202376		12668594		47758
199		202582		12732158		47772
200		202051		12795735		47670
201		201167		12859290		47760
202		200886		12922827		47719
203		200765		12986396		47823
204		200535		13049934		47828
205		200813		13113505		47880
206		200476		13177085		47880
207		200101		13240632		47744
208		199776		13304190		47846
209		199507		13367756		47828
210		198379		13431332		47743
211		198484		13494895		47794
212		197649		13558453		47853
213		197312		13622022		47810
214		197499		13685568		47819
215		197485		13749114		47787
216		197158		13812667		47695
217		196444		13876180		47803
218		195898		13939715		47786
219		195449		14003278		47779
220		195237		14066809		47744
221		195125		14130366		47810
222		195247		14193930		47795
223		194489		14257438		47776
224		194026		14320954		47769
225		193914		14384484		47851
226		193842		14448001		47880
227		193860		14511534		47777
228		193037		14575054		47684
229		193235		14638586		47754
230		192369		14702107		47696
231		192322		14765639		47813
232		192343		14829148		47809
233		191960		14892673		47806
234		191125		14956202		47801
235		191249		15019733		47743
236		190731		15083264		47823
237		190138		15146793		47784
238		190249		15210324		47803
239		190043		15273857		47898
240		189560		15337379		47861
241		189216		15400882		47783
242		189197		15464390		47891
243		189155		15527893		47848
244		188997		15591411		47883
245		188277		15654938		47839
246		187791		15718439		47887
247		187349		15781975		47785
248		187399		15845498		47809
249		187673		15908992		47781
250		187175		15972495		47796
251		186376		16036010		47774
252		185973		16099521		47751
253		185298		16163027		47787
254		185299		16226514		47757
255		185176		16290032		47781
256		184796		16353522		47791
257		184821		16417026		47802
258		184458		16480527		47735
259		184725		16544017		47784
260		183889		16607512		47738
261		183648		16670996		47853
262		183467		16734489		47839
263		183189		16797982		47885
264		182899		16861458		47855
265		183006		16924916		47868
266		182658		16988412		47806
267		182114		17051913		47813
268		181848		17115391		47806
269		181526		17178875		47822
270		181254		17242353		47814
271		181405		17305845		47772
272		181285		17369343		47788
273		181037		17432819		47813
274		180835		17496305		47845
275		180155		17559784		47855
276		179927		17623298		47797
277		179741		17686793		47795
278		179381		17750245		47820
279		179225		17813737		47801
280		179181		17877219		47843
281		179090		17940723		47821
282		178635		18004222		47849
283		178432		18067688		47815
284		178139		18131146		47856
285		177907		18194620		47862
286		177614		18258139		47879
287		177487		18321633		47895
288		177420		18385085		47862
289		177106		18448576		47871
290		176956		18512072		47832
291		176909		18575567		47854
292		176767		18639080		47865
293		176467		18702560		47924
294		176240		18766030		47878
295		176116		18829531		47922
296		175995		18893048		47932
297		175739		18956534		47920
298		175701		19020033		47893
299		175619		19083522		47927
300		175459		19146988		47913
301		175153		19210465		47896
302		174977		19273961		47879
303		174915		19337446		47877
304		174783		19400896		47894
305		174529		19464392		47863
306		174514		19527846		47877
307		174403		19591312		47870
308		174182		19654828		47874
309		174067		19718323		47873
310		173918		19781796		47881
311		173773		19845263		47915
312		173714		19908746		47913
313		173635		19972212		47950
314		173493		20035682		47895
315		173351		20099170		47918
316		173228		20162652		47955
317		173183		20226145		47959
318		173056		20289628		47918
319		173056		20353120		47923
320		172899		20416600		47917
321		172798		20480067		47907
322		172666		20543534		47928
323		172706		20607016		47933
324		172605		20670513		47934
325		172489		20734012		47964
326		172386		20797518		47949
327		172344		20860989		47972
328		172288		20924478		47963
329		172186		20987975		47958
330		172108		21051448		47952
331		172072		21114947		47963
332		171993		21178443		47972
333		171980		21241940		47949
334		171175		21244070		47924
335		170681		21245725		47923
336		170333		21247057		47898
337		170066		21248135		47878
338		169819		21249066		47884
339		169656		21249785		47884
340		169515		21250419		47888
341		169392		21250972		47869
342		169310		21251478		47875
343		169201		21251932		47886
344		169130		21252315		47870
345		169076		21252648		47877
346		169022		21252957		47883
347		168962		21253254		47869
348		168921		21253511		47873
349		168881		21253739		47864
350		168849		21253941		47863
351		168822		21254126		47870
352		168785		21254291		47865
353		168760		21254444		47866
354		168737		21254579		47864
355		168718		21254707		47870
356		168698		21254813		47870
357		168683		21254908		47872
358		168672		21255001		47868
359		168654		21255093		47859
360		168637		21255178		47856
361		168634		21255250		47852
362		168617		21255329		47856
363		168605		21255405		47865
364		168593		21255474		47870
365		168587		21255537		47870
366		168579		21255607		47866
367		168575		21255670		47866
368		168566		21255726		47864
369		168561		21255783		47865
370		168551		21255845		47863
371		168545		21255902		47862
372		168541		21255956		47865
373		168530		21256008		47864
374		168523		21256049		47867
375		168515		21256087		47869
376		168509		21256125		47870
377		168506		21256158		47871
378		168503		21256189		47869
379		168499		21256219		47871
380		168494		21256250		47876
381		168488		21256280		47880
382		168487		21256305		47880
383		168484		21256330		47878
384		168480		21256356		47883
385		168477		21256381		47885
386		168476		21256403		47886
387		168474		21256424		47887
388		168469		21256446		47883
389		168467		21256464		47882
390		168464		21256483		47886
391		168463		21256500		47886
392		168458		21256517		47886
393		168455		21256534		47886
394		168454		21256549		47887
395		168453		21256564		47888
396		168451		21256580		47887
397		168448		21256599		47886
398		168448		21256615		47886
399		168445		21256634		47886
400		168444		21256651		47887
401		168442		21256669		47885
402		168439		21256686		47883
403		168436		21256704		47883
404		168434		21256725		47883
405		168434		21256741		47883
406		168433		21256758		47883
407		168429		21256778		47884
408		168428		21256793		47883
409		168427		21256808		47882
410		168426		21256821		47883
411		168426		21256837		47882
412		168421		21256854		47880
413		168419		21256870		47881
414		168420		21256886		47881
415		168419		21256901		47883
416		168418		21256914		47883
417		168414		21256928		47882
418		168413		21256941		47882
419		168414		21256954		47880
420		168412		21256967		47879
421		168411		21256980		47880
422		168409		21256994		47878
423		168408		21257005		47879
424		168407		21257016		47879
425		168404		21257029		47880
426		168403		21257040		47880
427		168401		21257052		47881
428		168401		21257062		47881
429		168401		21257072		47881
430		168400		21257083		47881
431		168399		21257092		47881
432		168398		21257101		47883
433		168397		21257110		47882
434		168397		21257118		47882
435		168396		21257127		47881
436		168396		21257135		47881
437		168395		21257144		47882
438		168394		21257153		47881
439		168393		21257162		47880
440		168392		21257171		47881
441		168391		21257180		47882
442		168391		21257188		47882
443		168391		21257196		47882
444		168391		21257204		47882
445		168390		21257213		47883
446		168387		21257224		47882
447		168387		21257232		47882
448		168387		21257240		47882
449		168387		21257248		47882
450		168385		21257258		47883
451		168384		21257267		47881
452		168383		21257276		47881
453		168382		21257285		47880
454		168382		21257293		47880
455		168380		21257303		47878
456		168378		21257313		47878
457		168376		21257323		47878
458		168375		21257332		47878
459		168375		21257342		47878
460		168374		21257351		47878
461		168373		21257360		47879
462		168373		21257368		47879
463		168370		21257381		47879
464		168370		21257391		47879
465		168370		21257401		47879
466		168370		21257411		47879
467		168369		21257422		47879
468		168369		21257432		47879
469		168370		21257441		47878
470		168370		21257451		47878
471		168370		21257461		47878
472		168370		21257471		47878
473		168369		21257482		47878
474		168366		21257495		47879
475		168366		21257505		47879
476		168366		21257515		47879
477		168365		21257524		47880
478		168365		21257534		47880
479		168365		21257544		47880
480		168365		21257554		47880
481		168366		21257563		47879
482		168366		21257573		47879
483		168365		21257584		47880
484		168365		21257594		47880
485		168365		21257604		47880
486		168364		21257615		47882
487		168363		21257626		47881
488		168363		21257636		47881
489		168363		21257646		47881
490		168363		21257656		47881
491		168363		21257666		47881
492		168363		21257676		47881
493		168363		21257686		47881
494		168362		21257697		47881
495		168361		21257708		47881
496		168360		21257719		47882
497		168360		21257729		47882
498		168360		21257739		47882
499		168360		21257749		47882
500		168359		21257760		47881
501		168359		21257770		47881
502		168359		21257780		47881
503		168359		21257790		47881
504		168359		21257800		47881
505		168359		21257810		47881
506		168359		21257820		47881
507		168359		21257830		47881
508		168358		21257841		47882
509		168358		21257851		47882
510		168358		21257859		47882
511		168357		21257868		47882
512		168356		21257877		47884
513		168356		21257885		47884
514		168355		21257894		47883
515		168355		21257900		47883
516		168355		21257906		47883
517		168355		21257912		47883
518		168355		21257918		47883
519		168355		21257924		47883
520		168355		21257930		47883
521		168353		21257938		47882
522		168353		21257942		47882
523		168353		21257946		47882
524		168353		21257950		47882
525		168352		21257955		47881
526		168351		21257960		47881
527		168350		21257965		47881
528		168349		21257970		47881
529		168349		21257974		47881
530		168348		21257979		47880
531		168348		21257983		47880
532		168348		21257987		47880
533		168348		21257991		47880
534		168348		21257995		47880
535		168347		21258000		47880
536		168347		21258004		47880
537		168346		21258009		47879
538		168345		21258014		47879
539		168344		21258019		47878
540		168345		21258024		47878
541		168345		21258029		47876
542		168345		21258034		47878
543		168345		21258040		47878
544		168344		21258045		47878
545		168344		21258049		47878
546		168344		21258053		47878
547		168345		21258059		47876
548		168345		21258064		47878
549		168344		21258070		47877
550		168343		21258075		47877
551		168343		21258079		47877
552		168343		21258083		47877
553		168340		21258088		47876
554		168340		21258090		47876
555		168338		21258094		47875
556		168338		21258096		47875
557		168337		21258099		47875
558		168337		21258101		47875
559		168337		21258103		47875
560		168337		21258105		47875
561		168336		21258108		47876
562		168335		21258111		47877
563		168335		21258113		47877
564		168335		21258115		47877
565		168335		21258117		47877
566		168334		21258120		47878
567		168332		21258124		47877
568		168332		21258126		47877
569		168332		21258128		47877
570		168332		21258130		47877
571		168332		21258132		47877
572		168332		21258134		47877
573		168332		21258136		47877
574		168332		21258138		47877
575		168331		21258141		47876
576		168331		21258143		47876
577		168331		21258145		47876
578		168331		21258147		47876
579		168331		21258149		47876
580		168331		21258151		47876
581		168331		21258153		47876
582		168330		21258156		47878
583		168330		21258158		47878
584		168330		21258160		47878
585		168330		21258162		47878
586		168330		21258164		47878
587		168330		21258166		47878
588		168329		21258169		47877
589		168329		21258171		47877
590		168329		21258173		47877
591		168329		21258175		47877
592		168329		21258177		47877
593		168328		21258180		47878
594		168328		21258182		47878
595		168328		21258184		47878
596		168328		21258186		47878
597		168328		21258188		47878
598		168328		21258190		47878
599		168328		21258192		47878
600		168328		21258194		47878
601		168328		21258196		47878
602		168328		21258198		47878
603		168328		21258200		47878
604		168328		21258202		47878
605		168328		21258204		47878
606		168327		21258207		47879
607		168327		21258209		47879
608		168326		21258212		47879
609		168325		21258215		47878
610		168324		21258218		47879
611		168324		21258220		47879
612		168324		21258222		47879
613		168324		21258224		47879
614		168323		21258227		47879
615		168323		21258229		47879
616		168323		21258231		47879
617		168322		21258234		47878
618		168321		21258237		47877
619		168321		21258239		47877
620		168321		21258241		47877
621		168321		21258243		47877
622		168321		21258245		47877
623		168321		21258247		47877
624		168321		21258249		47877
625		168321		21258251		47877
626		168321		21258253		47877
627		168321		21258255		47877
628		168321		21258257		47877
629		168321		21258259		47877
630		168321		21258261		47877
631		168321		21258263		47877
632		168321		21258265		47877
633		168321		21258267		47877
634		168321		21258269		47877
635		168321		21258271		47877
636		168320		21258274		47877
637		168320		21258276		47877
638		168320		21258278		47877
639		168320		21258280		47877
640		168319		21258283		47876
641		168319		21258285		47876
642		168318		21258288		47876
643		168317		21258291		47877
644		168317		21258295		47875
645		168317		21258297		47875
646		168317		21258299		47875
647		168317		21258301		47875
648		168317		21258303		47875
649		168316		21258306		47875
650		168316		21258308		47875
651		168315		21258311		47874
652		168315		21258313		47874
653		168315		21258315		47874
654		168315		21258317		47874
655		168315		21258319		47874
656		168315		21258321		47874
657		168315		21258323		47874
658		168315		21258325		47874
659		168315		21258327		47874
660		168315		21258329		47874
661		168315		21258331		47874
662		168315		21258333		47874
663		168315		21258335		47874
664		168315		21258337		47874
665		168315		21258339		47874
666		168315		21258341		47874
667		168315		21258343		47874
668		168315		21258345		47874
669		168315		21258347		47874
670		168315		21258349		47874
671		168315		21258351		47874
672		168315		21258353		47874
673		168313		21258357		47873
674		168313		21258359		47873
675		168313		21258361		47873
676		168312		21258364		47873
677		168312		21258366		47873
678		168312		21258368		47873
679		168312		21258370		47873
680		168312		21258372		47873
681		168312		21258374		47873
682		168312		21258376		47873
683		168312		21258378		47873
684		168312		21258380		47873
685		168312		21258382		47873
686		168310		21258386		47872
687		168310		21258388		47872
688		168309		21258391		47872
689		168310		21258394		47872
690		168310		21258398		47872
691		168310		21258402		47872
692		168308		21258406		47872
693		168308		21258408		47872
694		168308		21258410		47872
695		168307		21258411		47871
696		168307		21258411		47871
697		168307		21258411		47871
698		168307		21258411		47871
699		168307		21258411		47871
700		168307		21258411		47871
701		168307		21258411		47871
702		168307		21258411		47871
703		168306		21258412		47869
704		168306		21258412		47869
705		168306		21258412		47869
706		168306		21258412		47869
707		168306		21258412		47869
708		168306		21258412		47869
709		168306		21258412		47869
710		168306		21258412		47869
711		168306		21258412		47869
712		168306		21258412		47869
713		168306		21258412		47869
714		168306		21258412		47869
715		168306		21258412		47869
716		168306		21258412		47869
717		168306		21258412		47869
718		168306		21258412		47869
719		168306		21258412		47869
720		168306		21258412		47869
721		168306		21258412		47869
722		168306		21258412		47869
723		168306		21258412		47869
724		168306		21258412		47869
725		168306		21258412		47869
726		168306		21258412		47869
727		168306		21258412		47869
728		168306		21258412		47869
729		168306		21258412		47869
730		168306		21258412		47869
731		168305		21258413		47870
732		168305		21258413		47870
733		168304		21258414		47869
734		168304		21258414		47869
735		168304		21258414		47869
736		168304		21258414		47869
737		168303		21258415		47868
738		168303		21258415		47868
739		168303		21258415		47868
740		168303		21258415		47868
741		168303		21258415		47868
742		168303		21258415		47868
743		168302		21258416		47868
744		168302		21258416		47868
745		168302		21258416		47868
746		168302		21258416		47868
747		168302		21258416		47868
748		168302		21258416		47868
749		168302		21258416		47868
750		168302		21258416		47868
751		168302		21258416		47868
752		168302		21258416		47868
753		168302		21258416		47868
754		168302		21258416		47868
755		168302		21258416		47868
756		168302		21258416		47868
757		168302		21258416		47868
758		168302		21258416		47868
759		168302		21258416		47868
760		168302		21258416		47868
761		168302		21258416		47868
762		168302		21258416		47868
763		168302		21258416		47868
764		168302		21258416		47868
765		168302		21258416		47868
766		168302		21258416		47868
767		168302		21258416		47868
768		168302		21258416		47868
769		168302		21258416		47868
770		168302		21258416		47868
771		168302		21258416		47868
772		168302		21258416		47868
773		168302		21258416		47868
774		168302		21258416		47868
775		168302		21258416		47868
776		168302		21258416		47868
777		168302		21258416		47868
778		168302		21258416		47868
779		168302		21258416		47868
780		168302		21258416		47868
781		168302		21258416		47868
782		168302		21258416		47868
783		168302		21258416		47868
784		168302		21258416		47868
785		168302		21258416		47868
786		168302		21258416		47868
787		168302		21258416		47868
788		168302		21258416		47868
789		168302		21258416		47868
790		168302		21258416		47868
791		168302		21258416		47868
792		168302		21258416		47868
793		168302		21258416		47868
794		168302		21258416		47868
795		168302		21258416		47868
796		168302		21258416		47868
797		168302		21258416		47868
798		168302		21258416		47868
799		168302		21258416		47868
800		168302		21258416		47868
801		168302		21258416		47868
802		168302		21258416		47868
803		168302		21258416		47868
804		168302		21258416		47868
805		168302		21258416		47868
806		168302		21258416		47868
807		168302		21258416		47868
808		168302		21258416		47868
809		168302		21258416		47868
810		168302		21258416		47868
811		168302		21258416		47868
812		168302		21258416		47868
813		168302		21258416		47868
814		168302		21258416		47868
815		168302		21258416		47868
816		168302		21258416		47868
817		168302		21258416		47868
818		168302		21258416		47868
819		168302		21258416		47868
820		168302		21258416		47868
821		168301		21258417		47867
822		168301		21258417		47867
823		168301		21258417		47867
824		168301		21258417		47867
825		168301		21258417		47867
826		168301		21258417		47867
827		168301		21258417		47867
828		168301		21258417		47867
829		168301		21258417		47867
830		168301		21258417		47867
831		168301		21258417		47867
832		168301		21258417		47867
833		168301		21258417		47867
834		168301		21258417		47867
835		168301		21258417		47867
836		168301		21258417		47867
837		168301		21258417		47867
838		168301		21258417		47867
839		168301		21258417		47867
840		168301		21258417		47867
841		168300		21258418		47868
842		168300		21258418		47868
843		168299		21258419		47868
844		168299		21258419		47868
845		168299		21258419		47868
846		168299		21258419		47868
847		168299		21258419		47868
848		168299		21258419		47868
849		168299		21258419		47868
850		168299		21258419		47868
851		168299		21258419		47868
852		168299		21258419		47868
853		168299		21258419		47868
854		168299		21258419		47868
855		168299		21258419		47868
856		168299		21258419		47868
857		168299		21258419		47868
858		168299		21258419		47868
859		168299		21258419		47868
860		168299		21258419		47868
861		168299		21258419		47868
862		168299		21258419		47868
863		168299		21258419		47868
864		168299		21258419		47868
865		168299		21258419		47868
866		168299		21258419		47868
867		168299		21258419		47868
868		168298		21258420		47869
869		168298		21258420		47869
870		168298		21258420		47869
871		168298		21258420		47869
872		168298		21258420		47869
873		168298		21258420		47869
874		168298		21258420		47869
875		168298		21258420		47869
876		168298		21258420		47869
877		168298		21258420		47869
878		168298		21258420		47869
879		168298		21258420		47869
880		168298		21258420		47869
881		168298		21258420		47869
882		168298		21258420		47869
883		168298		21258420		47869
884		168298		21258420		47869
885		168298		21258420		47869
886		168298		21258420		47869
887		168298		21258420		47869
888		168298		21258420		47869
889		168298		21258420		47869
890		168298		21258420		47869
891		168298		21258420		47869
892		168298		21258420		47869
893		168298		21258420		47869
894		168298		21258420		47869
895		168298		21258420		47869
896		168298		21258420		47869
897		168298		21258420		47869
898		168298		21258420		47869
899		168298		21258420		47869
900		168297		21258421		47868
901		168297		21258421		47868
902		168296		21258422		47868
903		168296		21258422		47868
904		168296		21258422		47868
905		168296		21258422		47868
906		168296		21258422		47868
907		168296		21258422		47868
908		168296		21258422		47868
909		168296		21258422		47868
910		168296		21258422		47868
911		168296		21258422		47868
912		168296		21258422		47868
913		168296		21258422		47868
914		168296		21258422		47868
915		168296		21258422		47868
916		168296		21258422		47868
917		168296		21258422		47868
918		168296		21258422		47868
919		168296		21258422		47868
920		168296		21258422		47868
921		168296		21258422		47868
922		168296		21258422		47868
923		168296		21258422		47868
924		168296		21258422		47868
925		168296		21258422		47868
926		168296		21258422		47868
927		168296		21258422		47868
928		168296		21258422		47868
929		168296		21258422		47868
930		168296		21258422		47868
931		168296		21258422		47868
932		168296		21258422		47868
933		168296		21258422		47868
934		168296		21258422		47868
935		168296		21258422		47868
936		168296		21258422		47868
937		168296		21258422		47868
938		168296		21258422		47868
939		168296		21258422		47868
940		168296		21258422		47868
941		168296		21258422		47868
942		168296		21258422		47868
943		168296		21258422		47868
944		168296		21258422		47868
945		168296		21258422		47868
946		168296		21258422		47868
947		168296		21258422		47868
948		168296		21258422		47868
949		168296		21258422		47868
950		168296		21258422		47868
951		168296		21258422		47868
952		168296		21258422		47868
953		168296		21258422		47868
954		168296		21258422		47868
955		168296		21258422		47868
956		168296		21258422		47868
957		168296		21258422		47868
958		168296		21258422		47868
959		168296		21258422		47868
960		168296		21258422		47868
961		168296		21258422		47868
962		168296		21258422		47868
963		168296		21258422		47868
964		168296		21258422		47868
965		168296		21258422		47868
966		168296		21258422		47868
967		168296		21258422		47868
968		168295		21258423		47867
969		168295		21258423		47867
970		168295		21258423		47867
971		168295		21258423		47867
972		168295		21258423		47867
973		168295		21258423		47867
974		168295		21258423		47867
975		168295		21258423		47867
976		168295		21258423		47867
977		168294		21258424		47867
978		168294		21258424		47867
979		168294		21258424		47867
980		168294		21258424		47867
981		168294		21258424		47867
982		168294		21258424		47867
983		168294		21258424		47867
984		168294		21258424		47867
985		168294		21258424		47867
986		168294		21258424		47867
987		168294		21258424		47867
988		168294		21258424		47867
989		168294		21258424		47867
990		168294		21258424		47867
991		168294		21258424		47867
992		168294		21258424		47867
993		168294		21258424		47867
994		168294		21258424		47867
995		168294		21258424		47867
996		168294		21258424		47867
997		168294		21258424		47867
998		168294		21258424		47867
999		168294		21258424		47867
