# Migration is number of nodes that have changed color.

Round		Edge-Cut		Swaps		Migrations		Skipped
0		8800		4720		3012
1		8082		9440		3007
2		7547		14160		3027
3		7217		18880		3052
4		6935		23599		3069
5		6696		28318		3107
6		6515		33038		3073
7		6400		37753		3114
8		6267		42471		3127
9		6147		47183		3118
10		5973		51897		3118
11		5909		56614		3144
12		5826		61331		3130
13		5755		66046		3144
14		5638		70758		3139
15		5529		75475		3126
16		5451		80191		3161
17		5399		84906		3168
18		5352		89620		3173
19		5337		94336		3175
20		5240		99053		3200
21		5210		103769		3204
22		5142		108484		3180
23		5049		113197		3176
24		5012		117910		3163
25		4938		122626		3166
26		4926		127340		3187
27		4886		132057		3189
28		4883		136771		3179
29		4891		141484		3186
30		4862		146198		3204
31		4796		150916		3195
32		4770		155629		3210
33		4735		160344		3177
34		4699		165059		3166
35		4637		169773		3186
36		4660		174486		3188
37		4650		179197		3191
38		4576		183903		3156
39		4589		188614		3164
40		4568		193328		3170
41		4563		198039		3198
42		4531		202753		3183
43		4553		207470		3185
44		4550		212182		3177
45		4584		216892		3190
46		4548		221604		3166
47		4524		226319		3187
48		4513		231031		3182
49		4521		235741		3168
50		4497		240458		3181
51		4490		245171		3183
52		4438		249882		3170
53		4403		254598		3201
54		4368		259317		3180
55		4382		264031		3192
56		4355		268743		3169
57		4382		273456		3183
58		4344		278171		3176
59		4351		282884		3192
60		4334		287600		3168
61		4323		292314		3165
62		4284		297032		3177
63		4275		301746		3163
64		4271		306459		3182
65		4250		311171		3180
66		4240		315888		3200
67		4232		320602		3195
68		4218		325318		3205
69		4197		330031		3212
70		4187		334743		3192
71		4190		339452		3210
72		4188		344163		3228
73		4123		348873		3193
74		4137		353585		3201
75		4135		358300		3201
76		4163		363015		3212
77		4133		367728		3209
78		4085		372443		3186
79		4134		377157		3213
80		4094		381871		3206
81		4063		386588		3191
82		4092		391302		3201
83		4107		396019		3191
84		4094		400735		3205
85		4086		405451		3204
86		4079		410163		3190
87		4044		414878		3191
88		4053		419592		3189
89		4064		424307		3204
90		4029		429018		3190
91		4040		433737		3214
92		3999		438449		3205
93		3984		443161		3195
94		3983		447871		3205
95		3942		452583		3217
96		3974		457297		3212
97		3963		462008		3217
98		3949		466722		3236
99		3939		471435		3213
100		3975		476148		3192
101		3945		480861		3215
102		3986		485576		3208
103		3935		490287		3214
104		3913		494997		3217
105		3916		499712		3194
106		3872		504429		3188
107		3876		509140		3197
108		3880		513847		3193
109		3890		518556		3193
110		3873		523274		3203
111		3902		527986		3188
112		3900		532700		3204
113		3909		537415		3178
114		3886		542127		3211
115		3873		546840		3216
116		3919		551555		3229
117		3920		556267		3228
118		3906		560978		3208
119		3894		565691		3212
120		3888		570405		3217
121		3852		575119		3230
122		3852		579832		3216
123		3847		584547		3214
124		3862		589258		3224
125		3819		593968		3198
126		3742		598679		3207
127		3749		603394		3230
128		3814		608104		3236
129		3795		612822		3223
130		3830		617536		3246
131		3792		622250		3231
132		3747		626963		3240
133		3769		631675		3234
134		3766		636392		3220
135		3704		641103		3223
136		3684		645815		3245
137		3662		650529		3235
138		3652		655245		3244
139		3678		659960		3236
140		3670		664675		3227
141		3693		669393		3235
142		3702		674103		3244
143		3702		678822		3243
144		3677		683534		3231
145		3693		688251		3225
146		3664		692967		3230
147		3671		697683		3234
148		3687		702400		3237
149		3666		707115		3241
150		3712		711833		3250
151		3710		716544		3230
152		3704		721258		3216
153		3699		725970		3224
154		3685		730686		3228
155		3666		735399		3247
156		3648		740113		3251
157		3616		744828		3225
158		3597		749542		3212
159		3607		754254		3225
160		3590		758968		3230
161		3586		763679		3227
162		3562		768395		3239
163		3616		773113		3224
164		3587		777828		3224
165		3576		782541		3233
166		3575		787253		3216
167		3568		791965		3223
168		3595		796675		3221
169		3578		801392		3237
170		3590		806107		3239
171		3570		810819		3236
172		3608		815536		3247
173		3598		820254		3225
174		3559		824968		3245
175		3568		829683		3248
176		3563		834400		3240
177		3553		839113		3246
178		3562		843824		3228
179		3541		848541		3245
180		3536		853249		3254
181		3547		857968		3246
182		3541		862680		3243
183		3538		867396		3249
184		3517		872112		3230
185		3546		876823		3239
186		3520		881538		3234
187		3533		886251		3237
188		3518		890965		3243
189		3520		895677		3235
190		3505		900393		3245
191		3529		905106		3277
192		3527		909817		3272
193		3525		914533		3266
194		3515		919251		3247
195		3535		923967		3265
196		3534		928681		3260
197		3521		933396		3256
198		3514		938112		3258
199		3515		942828		3247
200		3500		947545		3248
201		3494		952257		3247
202		3500		956970		3264
203		3477		961688		3272
204		3493		966404		3247
205		3509		971119		3250
206		3490		975831		3239
207		3526		980544		3247
208		3493		985260		3250
209		3475		989973		3248
210		3466		994688		3251
211		3493		999402		3242
212		3499		1004117		3259
213		3483		1008823		3243
214		3544		1013541		3255
215		3489		1018257		3254
216		3498		1022968		3269
217		3499		1027684		3263
218		3508		1032400		3250
219		3505		1037113		3244
220		3484		1041825		3262
221		3490		1046537		3268
222		3504		1051254		3272
223		3517		1055966		3264
224		3509		1060681		3273
225		3501		1065396		3265
226		3505		1070106		3266
227		3463		1074824		3262
228		3472		1079538		3253
229		3467		1084252		3269
230		3480		1088970		3247
231		3452		1093685		3276
232		3455		1098398		3257
233		3476		1103111		3279
234		3501		1107825		3265
235		3465		1112541		3278
236		3451		1117257		3284
237		3457		1121970		3276
238		3449		1126687		3275
239		3432		1131402		3278
240		3431		1136113		3286
241		3411		1140828		3281
242		3432		1145541		3278
243		3409		1150258		3292
244		3403		1154974		3281
245		3407		1159689		3288
246		3390		1164402		3289
247		3366		1169117		3298
248		3372		1173834		3293
249		3358		1178543		3296
250		3374		1183258		3295
251		3381		1187974		3287
252		3389		1192688		3288
253		3372		1197400		3274
254		3397		1202115		3294
255		3408		1206831		3262
256		3420		1211546		3276
257		3398		1216260		3281
258		3424		1220976		3286
259		3397		1225691		3285
260		3430		1230403		3280
261		3423		1235120		3274
262		3432		1239837		3281
263		3435		1244551		3272
264		3392		1249264		3274
265		3361		1253980		3278
266		3374		1258697		3272
267		3364		1263413		3281
268		3364		1268131		3291
269		3379		1272849		3266
270		3380		1277567		3275
271		3386		1282286		3274
272		3369		1287001		3279
273		3364		1291714		3265
274		3361		1296428		3250
275		3379		1301139		3252
276		3395		1305852		3260
277		3395		1310566		3259
278		3381		1315282		3266
279		3371		1320001		3269
280		3371		1324716		3263
281		3402		1329428		3274
282		3390		1334144		3272
283		3399		1338857		3277
284		3401		1343577		3272
285		3396		1348290		3280
286		3419		1353008		3284
287		3395		1357722		3294
288		3393		1362438		3293
289		3391		1367154		3282
290		3374		1371866		3299
291		3377		1376579		3283
292		3401		1381296		3289
293		3388		1386009		3287
294		3386		1390717		3287
295		3403		1395427		3290
296		3390		1400142		3279
297		3382		1404855		3271
298		3358		1409566		3287
299		3366		1414285		3287
300		3353		1419000		3270
301		3337		1423712		3280
302		3363		1428423		3276
303		3334		1433138		3290
304		3341		1437854		3301
305		3349		1442568		3292
306		3341		1447285		3286
307		3321		1451998		3287
308		3355		1456712		3303
309		3377		1461428		3296
310		3363		1466145		3278
311		3367		1470859		3304
312		3371		1475577		3292
313		3355		1480293		3295
314		3341		1485009		3283
315		3327		1489727		3277
316		3317		1494440		3281
317		3310		1499155		3288
318		3305		1503874		3282
319		3343		1508585		3290
320		3335		1513299		3283
321		3318		1518013		3285
322		3307		1522725		3294
323		3320		1527436		3301
324		3287		1532146		3295
325		3310		1536857		3293
326		3293		1541573		3284
327		3301		1546289		3287
328		3296		1551004		3320
329		3294		1555721		3308
330		3298		1560439		3322
331		3286		1565156		3305
332		3285		1569866		3311
333		3294		1574579		3295
334		3260		1579296		3297
335		3249		1584011		3289
336		3240		1588725		3292
337		3227		1593441		3302
338		3262		1598158		3292
339		3262		1602869		3294
340		3245		1607587		3290
341		3243		1612300		3300
342		3268		1617013		3305
343		3272		1621725		3303
344		3258		1626441		3304
345		3260		1631158		3300
346		3272		1635873		3315
347		3234		1640587		3300
348		3256		1645300		3302
349		3256		1650013		3310
350		3252		1654725		3306
351		3253		1659439		3332
352		3258		1664153		3328
353		3248		1668869		3337
354		3283		1673582		3333
355		3265		1678299		3328
356		3263		1683016		3335
357		3268		1687729		3332
358		3265		1692442		3330
359		3279		1697159		3311
360		3257		1701876		3308
361		3263		1706591		3317
362		3270		1711306		3316
363		3275		1716025		3309
364		3259		1720736		3310
365		3262		1725451		3288
366		3242		1730165		3305
367		3271		1734880		3324
368		3251		1739596		3305
369		3261		1744314		3300
370		3271		1749029		3306
371		3253		1753744		3313
372		3249		1758460		3320
373		3235		1763175		3322
374		3258		1767893		3320
375		3248		1772610		3302
376		3230		1777324		3309
377		3243		1782041		3323
378		3213		1786759		3313
379		3209		1791474		3313
380		3186		1796192		3306
381		3198		1800906		3305
382		3196		1805623		3314
383		3186		1810337		3307
384		3189		1815055		3312
385		3212		1819774		3315
386		3204		1824490		3313
387		3213		1829206		3302
388		3202		1833919		3311
389		3227		1838636		3311
390		3201		1843353		3306
391		3192		1848067		3309
392		3191		1852783		3304
393		3200		1857493		3311
394		3215		1862206		3302
395		3168		1866923		3293
396		3155		1871638		3306
397		3152		1876354		3310
398		3169		1881068		3311
399		3178		1885783		3292
400		3197		1890498		3285
401		3227		1895210		3291
402		3239		1899925		3315
403		3232		1904643		3314
404		3220		1909360		3313
405		3234		1914076		3293
406		3215		1918794		3293
407		3217		1923509		3293
408		3198		1928225		3303
409		3190		1932942		3304
410		3181		1937651		3307
411		3194		1942370		3311
412		3228		1947086		3308
413		3199		1951796		3306
414		3250		1956513		3309
415		3210		1961227		3321
416		3255		1965944		3315
417		3223		1970660		3297
418		3217		1975375		3302
419		3246		1980091		3318
420		3194		1984808		3322
421		3213		1989525		3312
422		3216		1994242		3308
423		3205		1998957		3321
424		3189		2003672		3303
425		3200		2008389		3312
426		3184		2013103		3318
427		3195		2017819		3320
428		3171		2022533		3323
429		3200		2027249		3326
430		3189		2031963		3304
431		3172		2036681		3290
432		3195		2041397		3298
433		3165		2046116		3313
434		3179		2050826		3294
435		3188		2055545		3310
436		3167		2060262		3316
437		3148		2064979		3313
438		3139		2069694		3319
439		3150		2074408		3309
440		3144		2079123		3312
441		3143		2083837		3303
442		3126		2088553		3311
443		3119		2093268		3326
444		3124		2097982		3311
445		3122		2102694		3318
446		3100		2107412		3317
447		3114		2112125		3307
448		3096		2116840		3292
449		3118		2121553		3292
450		3117		2126271		3316
451		3083		2130987		3317
452		3097		2135701		3326
453		3083		2140417		3325
454		3104		2145131		3326
455		3105		2149849		3328
456		3059		2154564		3308
457		3064		2159277		3307
458		3086		2163996		3318
459		3076		2168712		3323
460		3067		2173428		3312
461		3084		2178143		3321
462		3085		2182854		3312
463		3080		2187567		3310
464		3077		2192285		3314
465		3094		2197001		3305
466		3070		2201719		3309
467		3052		2206433		3313
468		3053		2211148		3316
469		3056		2215863		3320
470		3054		2220578		3326
471		3045		2225292		3341
472		3042		2230008		3338
473		3050		2234722		3314
474		3052		2239438		3325
475		3048		2244154		3310
476		3041		2248866		3310
477		3023		2253581		3315
478		3032		2258295		3314
479		3035		2263009		3317
480		3027		2267722		3310
481		3022		2272442		3313
482		3026		2277157		3310
483		3030		2281873		3307
484		3058		2286589		3302
485		3026		2291304		3316
486		3049		2296016		3308
487		3041		2300731		3303
488		3051		2305445		3317
489		3047		2310160		3308
490		3053		2314876		3308
491		3078		2319586		3307
492		3073		2324302		3308
493		3079		2329014		3306
494		3056		2333726		3315
495		3062		2338440		3309
496		3064		2343155		3323
497		3034		2347869		3304
498		3047		2352583		3311
499		3033		2357297		3299
500		3046		2362013		3307
501		3028		2366727		3298
502		3034		2371442		3300
503		3040		2376159		3317
504		3036		2380875		3298
505		3024		2385591		3309
506		3027		2390305		3304
507		3027		2395017		3315
508		3021		2399731		3308
509		3025		2404444		3319
510		3004		2409158		3301
511		2997		2413872		3319
512		3021		2418588		3298
513		3011		2423299		3303
514		3012		2428017		3297
515		3008		2432735		3297
516		3002		2437452		3296
517		3003		2442169		3281
518		3008		2446886		3302
519		3007		2451597		3311
520		3002		2456313		3289
521		3014		2461031		3292
522		3047		2465749		3299
523		3047		2470468		3301
524		3046		2475183		3298
525		3052		2479900		3311
526		3014		2484612		3316
527		3013		2489328		3314
528		3018		2494045		3302
529		3022		2498758		3311
530		3030		2503472		3300
531		3033		2508186		3299
532		3035		2512904		3301
533		3029		2517624		3304
534		3017		2522341		3312
535		3015		2527058		3314
536		3004		2531770		3315
537		3000		2536485		3319
538		2986		2541204		3319
539		2985		2545917		3319
540		2986		2550633		3310
541		2978		2555349		3307
542		2993		2560065		3309
543		3006		2564779		3304
544		3008		2569496		3307
545		2980		2574211		3297
546		2978		2578929		3314
547		2995		2583643		3300
548		3004		2588358		3315
549		2988		2593070		3303
550		2976		2597784		3300
551		2979		2602499		3289
552		2984		2607212		3310
553		2983		2611922		3313
554		2988		2616639		3311
555		2986		2621355		3307
556		2978		2626071		3296
557		2986		2630789		3305
558		2988		2635508		3313
559		2997		2640224		3300
560		2978		2644936		3309
561		2994		2649650		3302
562		2971		2654364		3299
563		2988		2659080		3304
564		2996		2663795		3295
565		2999		2668512		3299
566		2993		2673229		3320
567		2970		2677939		3318
568		2975		2682652		3312
569		2968		2687365		3312
570		2948		2692083		3313
571		2975		2696800		3294
572		2945		2701515		3306
573		2937		2706229		3320
574		2941		2710939		3317
575		2946		2715658		3299
576		2975		2720371		3322
577		2957		2725087		3311
578		2949		2729800		3311
579		2972		2734513		3318
580		2973		2739227		3318
581		2989		2743944		3302
582		2981		2748657		3308
583		2954		2753369		3302
584		2949		2758087		3310
585		2963		2762803		3307
586		2951		2767514		3314
587		2952		2772228		3301
588		2957		2776946		3314
589		2945		2781665		3315
590		2959		2786381		3303
591		2945		2791097		3315
592		2958		2795810		3301
593		2957		2800529		3312
594		2976		2805247		3316
595		2938		2809964		3312
596		2946		2814681		3319
597		2941		2819399		3305
598		2948		2824116		3322
599		2954		2828832		3308
600		2965		2833548		3324
601		2956		2838262		3310
602		2949		2842977		3304
603		2958		2847694		3303
604		2937		2852409		3318
605		2935		2857128		3325
606		2935		2861844		3319
607		2955		2866558		3312
608		2952		2871274		3323
609		2965		2875991		3316
610		2943		2880706		3333
611		2939		2885422		3329
612		2926		2890136		3343
613		2926		2894848		3327
614		2916		2899562		3340
615		2914		2904280		3332
616		2919		2908996		3332
617		2908		2913713		3322
618		2910		2918428		3329
619		2922		2923143		3332
620		2940		2927857		3327
621		2973		2932570		3332
622		2961		2937288		3329
623		2954		2942000		3324
624		2951		2946714		3329
625		2947		2951428		3331
626		2953		2956141		3323
627		2946		2960856		3322
628		2965		2965571		3325
629		2936		2970284		3324
630		2944		2975004		3330
631		2954		2979720		3331
632		2954		2984428		3327
633		2939		2989145		3331
634		2923		2993864		3343
635		2935		2998580		3343
636		2920		3003296		3348
637		2944		3008012		3342
638		2940		3012729		3335
639		2926		3017446		3333
640		2928		3022163		3334
641		2923		3026876		3337
642		2943		3031593		3333
643		2940		3036308		3327
644		2931		3041024		3324
645		2945		3045740		3328
646		2958		3050451		3335
647		2946		3055168		3325
648		2934		3059881		3320
649		2940		3064596		3330
650		2951		3069311		3322
651		2940		3074026		3326
652		2960		3078744		3326
653		2987		3083458		3329
654		2954		3088172		3325
655		2934		3092887		3334
656		2958		3097602		3320
657		2957		3102319		3328
658		2952		3107038		3330
659		2957		3111758		3334
660		2937		3116471		3337
661		2962		3121185		3330
662		2945		3125903		3339
663		2942		3130618		3324
664		2970		3135332		3319
665		2970		3140051		3328
666		2963		3144767		3332
667		2945		3149480		3321
668		2954		3154198		3315
669		2951		3158916		3332
670		2942		3163630		3322
671		2946		3168344		3320
672		2958		3173060		3332
673		2950		3177778		3327
674		2942		3182492		3328
675		2932		3187206		3326
676		2952		3191922		3347
677		2917		3196637		3344
678		2916		3201351		3338
679		2935		3206064		3326
680		2922		3210775		3336
681		2909		3215487		3330
682		2925		3220201		3334
683		2937		3224918		3325
684		2939		3229634		3318
685		2940		3234352		3337
686		2928		3239068		3341
687		2949		3243785		3336
688		2939		3248500		3336
689		2933		3253218		3334
690		2956		3257930		3332
691		2925		3262646		3337
692		2938		3267363		3347
693		2950		3272075		3348
694		2937		3276791		3339
695		2944		3281508		3334
696		2911		3286224		3325
697		2926		3290937		3338
698		2928		3295651		3346
699		2938		3300366		3342
700		2928		3305078		3344
701		2930		3309791		3333
702		2903		3314505		3333
703		2895		3319219		3344
704		2915		3323937		3349
705		2928		3328652		3354
706		2939		3333368		3345
707		2937		3338084		3331
708		2942		3342799		3346
709		2949		3347514		3347
710		2939		3352230		3328
711		2957		3356948		3346
712		2941		3361665		3338
713		2933		3366384		3336
714		2943		3371102		3327
715		2949		3375818		3333
716		2947		3380533		3345
717		2945		3385251		3328
718		2941		3389967		3328
719		2932		3394683		3337
720		2934		3399396		3332
721		2912		3404113		3340
722		2910		3408831		3350
723		2911		3413547		3338
724		2913		3418263		3331
725		2897		3422978		3331
726		2895		3427693		3341
727		2908		3432410		3332
728		2913		3437120		3321
729		2884		3441836		3321
730		2868		3446551		3332
731		2916		3451266		3335
732		2917		3455984		3328
733		2914		3460703		3319
734		2918		3465421		3333
735		2899		3470135		3324
736		2890		3474847		3334
737		2890		3479556		3328
738		2900		3484273		3337
739		2895		3488991		3334
740		2871		3493702		3334
741		2891		3498418		3328
742		2873		3503135		3327
743		2872		3507850		3335
744		2869		3512566		3332
745		2875		3517281		3327
746		2877		3522000		3334
747		2854		3526716		3329
748		2863		3531428		3332
749		2858		3536142		3342
750		2856		3540856		3329
751		2881		3545572		3322
752		2879		3550285		3338
753		2897		3554998		3344
754		2872		3559716		3368
755		2883		3564429		3341
756		2858		3569141		3349
757		2844		3573852		3343
758		2822		3578570		3341
759		2841		3583283		3336
760		2850		3587998		3341
761		2861		3592714		3338
762		2850		3597430		3333
763		2851		3602141		3344
764		2836		3606855		3346
765		2816		3611571		3345
766		2842		3616284		3345
767		2854		3621002		3344
768		2832		3625720		3340
769		2828		3630430		3337
770		2840		3635146		3344
771		2853		3639863		3340
772		2861		3644579		3328
773		2859		3649299		3331
774		2871		3654017		3340
775		2860		3658734		3345
776		2866		3663446		3340
777		2865		3668164		3335
778		2867		3672881		3332
779		2845		3677598		3348
780		2861		3682311		3341
781		2851		3687030		3347
782		2864		3691748		3348
783		2862		3696463		3329
784		2867		3701177		3332
785		2851		3705894		3330
786		2840		3710611		3348
787		2842		3715326		3356
788		2856		3720046		3351
789		2851		3724759		3343
790		2824		3729471		3354
791		2852		3734188		3345
792		2853		3738901		3346
793		2847		3743618		3336
794		2859		3748336		3341
795		2864		3753051		3334
796		2852		3757771		3347
797		2843		3762488		3344
798		2844		3767206		3347
799		2834		3771922		3327
800		2814		3776637		3355
801		2823		3781352		3340
802		2825		3786070		3349
803		2838		3790783		3345
804		2870		3795497		3345
805		2834		3800212		3353
806		2835		3804928		3348
807		2838		3809644		3340
808		2847		3814359		3341
809		2840		3819075		3321
810		2844		3823791		3336
811		2853		3828508		3338
812		2871		3833224		3343
813		2861		3837942		3345
814		2869		3842660		3341
815		2862		3847375		3339
816		2876		3852093		3341
817		2891		3856809		3340
818		2880		3861527		3340
819		2906		3866245		3342
820		2886		3870961		3350
821		2881		3875677		3341
822		2853		3880393		3351
823		2856		3885112		3356
824		2850		3889826		3355
825		2828		3894544		3358
826		2879		3899258		3349
827		2852		3903972		3343
828		2859		3908686		3344
829		2846		3913403		3345
830		2852		3918119		3355
831		2846		3922834		3355
832		2855		3927549		3353
833		2855		3932261		3357
834		2865		3936978		3347
835		2839		3941692		3363
836		2837		3946405		3348
837		2843		3951122		3355
838		2841		3955839		3364
839		2846		3960555		3364
840		2845		3965269		3360
841		2847		3969985		3354
842		2841		3974701		3351
843		2851		3979414		3350
844		2843		3984127		3348
845		2843		3988841		3349
846		2873		3993558		3352
847		2853		3998277		3357
848		2864		4002992		3353
849		2831		4007707		3359
850		2821		4012425		3371
851		2844		4017143		3359
852		2852		4021861		3365
853		2840		4026576		3368
854		2849		4031292		3350
855		2863		4036008		3342
856		2860		4040724		3360
857		2848		4045440		3352
858		2856		4050155		3353
859		2845		4054870		3369
860		2874		4059589		3369
861		2844		4064306		3357
862		2857		4069022		3363
863		2865		4073741		3362
864		2897		4078457		3356
865		2859		4083173		3355
866		2857		4087889		3356
867		2856		4092606		3351
868		2846		4097323		3355
869		2852		4102036		3365
870		2865		4106752		3363
871		2874		4111469		3368
872		2870		4116185		3366
873		2875		4120901		3366
874		2862		4125614		3365
875		2843		4130331		3361
876		2840		4135048		3363
877		2850		4139765		3364
878		2875		4144479		3369
879		2870		4149194		3386
880		2867		4153910		3374
881		2851		4158627		3383
882		2852		4163339		3386
883		2853		4168050		3358
884		2806		4172764		3373
885		2832		4177477		3372
886		2855		4182191		3371
887		2818		4186907		3370
888		2811		4191621		3375
889		2788		4196337		3371
890		2788		4201054		3381
891		2823		4205769		3376
892		2809		4210484		3367
893		2800		4215202		3377
894		2792		4219916		3381
895		2807		4224631		3370
896		2796		4229346		3378
897		2795		4234062		3380
898		2780		4238779		3375
899		2817		4243493		3372
900		2813		4248207		3373
901		2805		4252924		3373
902		2789		4257640		3373
903		2804		4262355		3367
904		2800		4267071		3352
905		2806		4271788		3363
906		2815		4276501		3374
907		2796		4281213		3365
908		2795		4285931		3365
909		2788		4290645		3365
910		2778		4295362		3364
911		2800		4300078		3367
912		2777		4304794		3374
913		2805		4309511		3353
914		2801		4314224		3368
915		2815		4318941		3350
916		2792		4323653		3351
917		2805		4328369		3352
918		2815		4333086		3359
919		2817		4337800		3366
920		2806		4342520		3371
921		2810		4347238		3354
922		2848		4351956		3358
923		2835		4356674		3353
924		2841		4361391		3366
925		2828		4366106		3358
926		2814		4370815		3363
927		2821		4375529		3359
928		2825		4380242		3363
929		2790		4384960		3361
930		2775		4389677		3358
931		2780		4394396		3345
932		2780		4399107		3349
933		2772		4403821		3350
934		2775		4408539		3356
935		2782		4413258		3364
936		2780		4417972		3359
937		2766		4422689		3355
938		2781		4427407		3355
939		2789		4432123		3357
940		2778		4436840		3358
941		2782		4441554		3347
942		2793		4446271		3351
943		2771		4450987		3369
944		2764		4455701		3360
945		2771		4460413		3368
946		2769		4465132		3369
947		2765		4469848		3366
948		2778		4474559		3353
949		2781		4479278		3358
950		2758		4483995		3360
951		2740		4488711		3364
952		2769		4493427		3370
953		2761		4498141		3380
954		2763		4502853		3363
955		2761		4507570		3365
956		2752		4512286		3373
957		2743		4517004		3355
958		2745		4521721		3357
959		2752		4526438		3362
960		2766		4531155		3353
961		2787		4535872		3337
962		2758		4540586		3354
963		2772		4545302		3359
964		2756		4550018		3370
965		2752		4554732		3363
966		2741		4559449		3366
967		2738		4564166		3375
968		2733		4568879		3368
969		2722		4573592		3369
970		2757		4578308		3367
971		2727		4583026		3362
972		2732		4587742		3357
973		2725		4592459		3353
974		2732		4597176		3345
975		2740		4601892		3351
976		2755		4606610		3352
977		2770		4611323		3352
978		2781		4616040		3352
979		2786		4620756		3356
980		2754		4625471		3359
981		2738		4630184		3363
982		2741		4634900		3356
983		2735		4639617		3362
984		2726		4644334		3368
985		2738		4649048		3356
986		2738		4653765		3357
987		2732		4658483		3360
988		2721		4663200		3366
989		2735		4667913		3360
990		2738		4672627		3352
991		2732		4677344		3361
992		2725		4682061		3367
993		2704		4686777		3363
994		2704		4691493		3360
995		2715		4696204		3368
996		2720		4700920		3365
997		2734		4705635		3369
998		2745		4710354		3371
999		2750		4715070		3358
