# Migration is number of nodes that have changed color.

Round		Edge-Cut		Swaps		Migrations		Skipped
0		8953		4720		3035
1		8102		9439		3008
2		7633		14158		3040
3		7203		18878		3043
4		6943		23596		3080
5		6650		28314		3131
6		6423		33026		3137
7		6215		37741		3159
8		6082		42457		3152
9		6013		47172		3152
10		5872		51888		3141
11		5789		56598		3188
12		5654		61312		3179
13		5591		66030		3172
14		5584		70749		3174
15		5485		75462		3169
16		5431		80179		3177
17		5364		84895		3201
18		5326		89613		3176
19		5252		94329		3189
20		5201		99046		3197
21		5167		103760		3203
22		5152		108479		3200
23		5085		113197		3191
24		5053		117910		3197
25		4982		122625		3202
26		4960		127342		3204
27		4951		132056		3249
28		4933		136768		3244
29		4927		141482		3239
30		4891		146195		3231
31		4840		150908		3208
32		4802		155623		3239
33		4764		160338		3202
34		4720		165056		3202
35		4653		169767		3195
36		4678		174481		3212
37		4710		179193		3200
38		4667		183903		3199
39		4653		188619		3230
40		4613		193336		3224
41		4652		198050		3211
42		4603		202764		3202
43		4615		207480		3191
44		4608		212194		3212
45		4563		216910		3210
46		4484		221621		3205
47		4464		226337		3217
48		4439		231050		3227
49		4431		235762		3224
50		4409		240476		3210
51		4426		245190		3211
52		4420		249906		3218
53		4406		254616		3218
54		4406		259329		3241
55		4367		264042		3224
56		4383		268755		3232
57		4340		273466		3231
58		4323		278184		3237
59		4347		282892		3239
60		4352		287606		3246
61		4321		292319		3241
62		4329		297033		3260
63		4310		301745		3241
64		4295		306458		3231
65		4290		311174		3239
66		4302		315889		3253
67		4252		320603		3222
68		4216		325317		3225
69		4285		330033		3236
70		4273		334748		3233
71		4240		339462		3229
72		4211		344180		3256
73		4187		348894		3242
74		4167		353608		3248
75		4144		358321		3237
76		4130		363036		3250
77		4148		367751		3226
78		4155		372468		3245
79		4141		377186		3239
80		4156		381902		3224
81		4157		386616		3231
82		4147		391327		3225
83		4168		396043		3227
84		4142		400759		3239
85		4125		405474		3233
86		4094		410188		3259
87		4127		414898		3258
88		4133		419616		3245
89		4119		424328		3247
90		4108		429039		3224
91		4095		433756		3224
92		4063		438470		3248
93		4058		443184		3247
94		4046		447897		3226
95		4047		452611		3244
96		4046		457324		3228
97		4078		462041		3237
98		4012		466755		3256
99		3990		471467		3243
100		3994		476178		3255
101		3976		480894		3262
102		3970		485611		3254
103		3985		490325		3250
104		3980		495040		3246
105		3991		499753		3234
106		3994		504467		3260
107		3985		509183		3275
108		3941		513892		3269
109		3934		518607		3270
110		3905		523319		3260
111		3932		528030		3278
112		3928		532744		3278
113		3925		537458		3287
114		3914		542173		3282
115		3910		546889		3303
116		3899		551606		3277
117		3906		556319		3285
118		3916		561036		3272
119		3884		565749		3287
120		3901		570465		3291
121		3918		575179		3305
122		3926		579895		3298
123		3911		584610		3290
124		3900		589324		3286
125		3893		594040		3295
126		3883		598755		3283
127		3918		603472		3286
128		3874		608184		3296
129		3923		612901		3283
130		3915		617614		3296
131		3856		622332		3302
132		3856		627048		3290
133		3833		631765		3295
134		3840		636473		3290
135		3846		641186		3273
136		3845		645902		3302
137		3850		650613		3289
138		3835		655327		3300
139		3832		660042		3274
140		3832		664756		3280
141		3825		669472		3270
142		3787		674189		3271
143		3799		678904		3264
144		3807		683618		3278
145		3767		688334		3274
146		3724		693045		3272
147		3750		697757		3267
148		3765		702472		3271
149		3754		707186		3256
150		3649		707541		3271
151		3581		707800		3278
152		3535		708012		3276
153		3499		708192		3268
154		3467		708363		3282
155		3429		708531		3276
156		3396		708665		3281
157		3386		708822		3285
158		3360		708964		3278
159		3327		709087		3279
160		3308		709213		3278
161		3297		709314		3275
162		3274		709444		3282
163		3270		709555		3276
164		3249		709658		3282
165		3228		709788		3281
166		3220		709882		3277
167		3221		709969		3277
168		3197		710051		3279
169		3187		710125		3277
170		3190		710208		3281
171		3171		710280		3279
172		3165		710363		3293
173		3155		710437		3286
174		3146		710503		3278
175		3141		710562		3280
176		3127		710617		3283
177		3122		710681		3275
178		3115		710740		3281
179		3097		710791		3276
180		3085		710832		3282
181		3087		710871		3280
182		3084		710919		3292
183		3079		710959		3285
184		3060		710995		3292
185		3055		711031		3293
186		3052		711066		3297
187		3044		711102		3295
188		3042		711128		3291
189		3036		711148		3295
190		3041		711189		3294
191		3040		711221		3296
192		3034		711247		3293
193		3034		711272		3295
194		3030		711289		3293
195		3030		711311		3291
196		3031		711331		3292
197		3023		711351		3290
198		3014		711378		3298
199		3012		711403		3298
200		3013		711422		3293
201		3006		711451		3297
202		3004		711471		3300
203		2996		711481		3301
204		2992		711491		3302
205		2991		711498		3300
206		2989		711510		3302
207		2990		711516		3299
208		2991		711525		3298
209		2986		711532		3297
210		2985		711534		3300
211		2987		711541		3300
212		2987		711546		3301
213		2987		711552		3300
214		2985		711562		3300
215		2983		711567		3298
216		2983		711574		3301
217		2983		711578		3302
218		2982		711583		3300
219		2982		711588		3299
220		2980		711594		3296
221		2977		711599		3294
222		2977		711600		3296
223		2977		711601		3294
224		2977		711602		3296
225		2977		711603		3294
226		2977		711603		3294
227		2977		711605		3294
228		2977		711607		3294
229		2977		711607		3294
230		2977		711608		3296
231		2977		711610		3296
232		2976		711612		3294
233		2976		711614		3297
234		2975		711618		3296
235		2974		711622		3295
236		2974		711627		3294
237		2972		711629		3297
238		2972		711631		3296
239		2972		711632		3296
240		2972		711633		3297
241		2973		711634		3296
242		2974		711635		3296
243		2975		711636		3296
244		2970		711639		3297
245		2970		711639		3297
246		2970		711639		3297
247		2970		711639		3297
248		2970		711639		3297
249		2970		711639		3297
250		2970		711639		3297
251		2970		711639		3297
252		2970		711639		3297
253		2970		711639		3297
254		2970		711639		3297
255		2970		711639		3297
256		2970		711639		3297
257		2970		711639		3297
258		2970		711639		3297
259		2970		711639		3297
260		2970		711639		3297
261		2970		711639		3297
262		2970		711639		3297
263		2970		711639		3297
264		2970		711639		3297
265		2970		711639		3297
266		2970		711639		3297
267		2970		711639		3297
268		2970		711639		3297
269		2970		711639		3297
270		2970		711639		3297
271		2970		711639		3297
272		2970		711639		3297
273		2970		711639		3297
274		2970		711639		3297
275		2970		711639		3297
276		2970		711639		3297
277		2970		711639		3297
278		2970		711639		3297
279		2970		711639		3297
280		2970		711639		3297
281		2970		711639		3297
282		2970		711639		3297
283		2970		711639		3297
284		2970		711639		3297
285		2970		711639		3297
286		2970		711639		3297
287		2970		711639		3297
288		2970		711639		3297
289		2970		711639		3297
290		2970		711639		3297
291		2970		711639		3297
292		2970		711639		3297
293		2970		711639		3297
294		2970		711639		3297
295		2970		711639		3297
296		2970		711639		3297
297		2970		711639		3297
298		2970		711639		3297
299		2970		711639		3297
300		2970		711639		3297
301		2970		711639		3297
302		2970		711639		3297
303		2970		711639		3297
304		2970		711639		3297
305		2970		711639		3297
306		2970		711639		3297
307		2970		711639		3297
308		2970		711639		3297
309		2970		711639		3297
310		2970		711639		3297
311		2970		711639		3297
312		2970		711639		3297
313		2970		711639		3297
314		2970		711639		3297
315		2970		711639		3297
316		2970		711639		3297
317		2970		711639		3297
318		2970		711639		3297
319		2970		711639		3297
320		2970		711639		3297
321		2970		711639		3297
322		2970		711639		3297
323		2970		711639		3297
324		2970		711639		3297
325		2970		711639		3297
326		2970		711639		3297
327		2970		711639		3297
328		2970		711639		3297
329		2970		711639		3297
330		2970		711639		3297
331		2970		711639		3297
332		2970		711639		3297
333		2970		711639		3297
334		2970		711639		3297
335		2970		711639		3297
336		2970		711639		3297
337		2970		711639		3297
338		2970		711639		3297
339		2970		711639		3297
340		2970		711639		3297
341		2970		711639		3297
342		2970		711639		3297
343		2970		711639		3297
344		2970		711639		3297
345		2970		711639		3297
346		2970		711639		3297
347		2970		711639		3297
348		2970		711639		3297
349		2970		711639		3297
350		2970		711639		3297
351		2970		711639		3297
352		2970		711639		3297
353		2970		711639		3297
354		2970		711639		3297
355		2970		711639		3297
356		2970		711639		3297
357		2970		711639		3297
358		2970		711639		3297
359		2970		711639		3297
360		2970		711639		3297
361		2970		711639		3297
362		2970		711639		3297
363		2970		711639		3297
364		2970		711639		3297
365		2970		711639		3297
366		2970		711639		3297
367		2970		711639		3297
368		2970		711639		3297
369		2970		711639		3297
370		2970		711639		3297
371		2970		711639		3297
372		2970		711639		3297
373		2970		711639		3297
374		2970		711639		3297
375		2970		711639		3297
376		2970		711639		3297
377		2970		711639		3297
378		2970		711639		3297
379		2970		711639		3297
380		2970		711639		3297
381		2970		711639		3297
382		2970		711639		3297
383		2970		711639		3297
384		2970		711639		3297
385		2970		711639		3297
386		2970		711639		3297
387		2970		711639		3297
388		2970		711639		3297
389		2970		711639		3297
390		2970		711639		3297
391		2970		711639		3297
392		2970		711639		3297
393		2970		711639		3297
394		2970		711639		3297
395		2970		711639		3297
396		2970		711639		3297
397		2970		711639		3297
398		2970		711639		3297
399		2970		711639		3297
400		2970		711639		3297
401		2970		711639		3297
402		2970		711639		3297
403		2970		711639		3297
404		2970		711639		3297
405		2970		711639		3297
406		2970		711639		3297
407		2970		711639		3297
408		2970		711639		3297
409		2970		711639		3297
410		2970		711639		3297
411		2970		711639		3297
412		2970		711639		3297
413		2970		711639		3297
414		2970		711639		3297
415		2970		711639		3297
416		2970		711639		3297
417		2970		711639		3297
418		2970		711639		3297
419		2970		711639		3297
420		2970		711639		3297
421		2970		711639		3297
422		2970		711639		3297
423		2970		711639		3297
424		2970		711639		3297
425		2970		711639		3297
426		2970		711639		3297
427		2970		711639		3297
428		2970		711639		3297
429		2970		711639		3297
430		2970		711639		3297
431		2970		711639		3297
432		2970		711639		3297
433		2970		711639		3297
434		2970		711639		3297
435		2970		711639		3297
436		2970		711639		3297
437		2970		711639		3297
438		2970		711639		3297
439		2970		711639		3297
440		2970		711639		3297
441		2970		711639		3297
442		2970		711639		3297
443		2970		711639		3297
444		2970		711639		3297
445		2970		711639		3297
446		2970		711639		3297
447		2970		711639		3297
448		2970		711639		3297
449		2970		711639		3297
450		2970		711639		3297
451		2970		711639		3297
452		2970		711639		3297
453		2970		711639		3297
454		2970		711639		3297
455		2970		711639		3297
456		2970		711639		3297
457		2970		711639		3297
458		2970		711639		3297
459		2970		711639		3297
460		2970		711639		3297
461		2970		711639		3297
462		2970		711639		3297
463		2970		711639		3297
464		2970		711639		3297
465		2970		711639		3297
466		2970		711639		3297
467		2970		711639		3297
468		2970		711639		3297
469		2970		711639		3297
470		2970		711639		3297
471		2970		711639		3297
472		2970		711639		3297
473		2970		711639		3297
474		2970		711639		3297
475		2970		711639		3297
476		2970		711639		3297
477		2970		711639		3297
478		2970		711639		3297
479		2970		711639		3297
480		2970		711639		3297
481		2970		711639		3297
482		2970		711639		3297
483		2970		711639		3297
484		2970		711639		3297
485		2970		711639		3297
486		2970		711639		3297
487		2970		711639		3297
488		2970		711639		3297
489		2970		711639		3297
490		2970		711639		3297
491		2970		711639		3297
492		2970		711639		3297
493		2970		711639		3297
494		2970		711639		3297
495		2970		711639		3297
496		2970		711639		3297
497		2970		711639		3297
498		2970		711639		3297
499		2970		711639		3297
500		2970		711639		3297
501		2970		711639		3297
502		2970		711639		3297
503		2970		711639		3297
504		2970		711639		3297
505		2970		711639		3297
506		2970		711639		3297
507		2970		711639		3297
508		2970		711639		3297
509		2970		711639		3297
510		2970		711639		3297
511		2970		711639		3297
512		2970		711639		3297
513		2970		711639		3297
514		2970		711639		3297
515		2970		711639		3297
516		2970		711639		3297
517		2970		711639		3297
518		2970		711639		3297
519		2970		711639		3297
520		2970		711639		3297
521		2970		711639		3297
522		2970		711639		3297
523		2970		711639		3297
524		2970		711639		3297
525		2970		711639		3297
526		2970		711639		3297
527		2970		711639		3297
528		2970		711639		3297
529		2970		711639		3297
530		2970		711639		3297
531		2970		711639		3297
532		2970		711639		3297
533		2970		711639		3297
534		2970		711639		3297
535		2970		711639		3297
536		2970		711639		3297
537		2970		711639		3297
538		2970		711639		3297
539		2970		711639		3297
540		2970		711639		3297
541		2970		711639		3297
542		2970		711639		3297
543		2970		711639		3297
544		2970		711639		3297
545		2970		711639		3297
546		2970		711639		3297
547		2970		711639		3297
548		2970		711639		3297
549		2970		711639		3297
550		2970		711639		3297
551		2970		711639		3297
552		2970		711639		3297
553		2970		711639		3297
554		2970		711639		3297
555		2970		711639		3297
556		2970		711639		3297
557		2970		711639		3297
558		2970		711639		3297
559		2970		711639		3297
560		2970		711639		3297
561		2970		711639		3297
562		2970		711639		3297
563		2970		711639		3297
564		2970		711639		3297
565		2970		711639		3297
566		2970		711639		3297
567		2970		711639		3297
568		2970		711639		3297
569		2970		711639		3297
570		2970		711639		3297
571		2970		711639		3297
572		2970		711639		3297
573		2970		711639		3297
574		2970		711639		3297
575		2970		711639		3297
576		2970		711639		3297
577		2970		711639		3297
578		2970		711639		3297
579		2970		711639		3297
580		2970		711639		3297
581		2970		711639		3297
582		2970		711639		3297
583		2970		711639		3297
584		2970		711639		3297
585		2970		711639		3297
586		2970		711639		3297
587		2970		711639		3297
588		2970		711639		3297
589		2970		711639		3297
590		2970		711639		3297
591		2970		711639		3297
592		2970		711639		3297
593		2970		711639		3297
594		2970		711639		3297
595		2970		711639		3297
596		2970		711639		3297
597		2970		711639		3297
598		2970		711639		3297
599		2970		711639		3297
600		2970		711639		3297
601		2970		711639		3297
602		2970		711639		3297
603		2970		711639		3297
604		2970		711639		3297
605		2970		711639		3297
606		2970		711639		3297
607		2970		711639		3297
608		2970		711639		3297
609		2970		711639		3297
610		2970		711639		3297
611		2970		711639		3297
612		2970		711639		3297
613		2970		711639		3297
614		2970		711639		3297
615		2970		711639		3297
616		2970		711639		3297
617		2970		711639		3297
618		2970		711639		3297
619		2970		711639		3297
620		2970		711639		3297
621		2970		711639		3297
622		2970		711639		3297
623		2970		711639		3297
624		2970		711639		3297
625		2970		711639		3297
626		2970		711639		3297
627		2970		711639		3297
628		2970		711639		3297
629		2970		711639		3297
630		2970		711639		3297
631		2970		711639		3297
632		2970		711639		3297
633		2970		711639		3297
634		2970		711639		3297
635		2970		711639		3297
636		2970		711639		3297
637		2970		711639		3297
638		2970		711639		3297
639		2970		711639		3297
640		2970		711639		3297
641		2970		711639		3297
642		2970		711639		3297
643		2970		711639		3297
644		2970		711639		3297
645		2970		711639		3297
646		2970		711639		3297
647		2970		711639		3297
648		2970		711639		3297
649		2970		711639		3297
650		2970		711639		3297
651		2970		711639		3297
652		2970		711639		3297
653		2970		711639		3297
654		2970		711639		3297
655		2970		711639		3297
656		2970		711639		3297
657		2970		711639		3297
658		2970		711639		3297
659		2970		711639		3297
660		2970		711639		3297
661		2970		711639		3297
662		2970		711639		3297
663		2970		711639		3297
664		2970		711639		3297
665		2970		711639		3297
666		2970		711639		3297
667		2970		711639		3297
668		2970		711639		3297
669		2970		711639		3297
670		2970		711639		3297
671		2970		711639		3297
672		2970		711639		3297
673		2970		711639		3297
674		2970		711639		3297
675		2970		711639		3297
676		2970		711639		3297
677		2970		711639		3297
678		2970		711639		3297
679		2970		711639		3297
680		2970		711639		3297
681		2970		711639		3297
682		2970		711639		3297
683		2970		711639		3297
684		2970		711639		3297
685		2970		711639		3297
686		2970		711639		3297
687		2970		711639		3297
688		2970		711639		3297
689		2970		711639		3297
690		2970		711639		3297
691		2970		711639		3297
692		2970		711639		3297
693		2970		711639		3297
694		2970		711639		3297
695		2970		711639		3297
696		2970		711639		3297
697		2970		711639		3297
698		2970		711639		3297
699		2970		711639		3297
700		2970		711639		3297
701		2970		711639		3297
702		2970		711639		3297
703		2970		711639		3297
704		2970		711639		3297
705		2970		711639		3297
706		2970		711639		3297
707		2970		711639		3297
708		2970		711639		3297
709		2970		711639		3297
710		2970		711639		3297
711		2970		711639		3297
712		2970		711639		3297
713		2970		711639		3297
714		2970		711639		3297
715		2970		711639		3297
716		2970		711639		3297
717		2970		711639		3297
718		2970		711639		3297
719		2970		711639		3297
720		2970		711639		3297
721		2970		711639		3297
722		2970		711639		3297
723		2970		711639		3297
724		2970		711639		3297
725		2970		711639		3297
726		2970		711639		3297
727		2970		711639		3297
728		2970		711639		3297
729		2970		711639		3297
730		2970		711639		3297
731		2970		711639		3297
732		2970		711639		3297
733		2970		711639		3297
734		2970		711639		3297
735		2970		711639		3297
736		2970		711639		3297
737		2970		711639		3297
738		2970		711639		3297
739		2970		711639		3297
740		2970		711639		3297
741		2970		711639		3297
742		2970		711639		3297
743		2970		711639		3297
744		2970		711639		3297
745		2970		711639		3297
746		2970		711639		3297
747		2970		711639		3297
748		2970		711639		3297
749		2970		711639		3297
750		2970		711639		3297
751		2970		711639		3297
752		2970		711639		3297
753		2970		711639		3297
754		2970		711639		3297
755		2970		711639		3297
756		2970		711639		3297
757		2970		711639		3297
758		2970		711639		3297
759		2970		711639		3297
760		2970		711639		3297
761		2970		711639		3297
762		2970		711639		3297
763		2970		711639		3297
764		2970		711639		3297
765		2970		711639		3297
766		2970		711639		3297
767		2970		711639		3297
768		2970		711639		3297
769		2970		711639		3297
770		2970		711639		3297
771		2970		711639		3297
772		2970		711639		3297
773		2970		711639		3297
774		2970		711639		3297
775		2970		711639		3297
776		2970		711639		3297
777		2970		711639		3297
778		2970		711639		3297
779		2970		711639		3297
780		2970		711639		3297
781		2970		711639		3297
782		2970		711639		3297
783		2970		711639		3297
784		2970		711639		3297
785		2970		711639		3297
786		2970		711639		3297
787		2970		711639		3297
788		2970		711639		3297
789		2970		711639		3297
790		2970		711639		3297
791		2970		711639		3297
792		2970		711639		3297
793		2970		711639		3297
794		2970		711639		3297
795		2970		711639		3297
796		2970		711639		3297
797		2970		711639		3297
798		2970		711639		3297
799		2970		711639		3297
800		2970		711639		3297
801		2970		711639		3297
802		2970		711639		3297
803		2970		711639		3297
804		2970		711639		3297
805		2970		711639		3297
806		2970		711639		3297
807		2970		711639		3297
808		2970		711639		3297
809		2970		711639		3297
810		2970		711639		3297
811		2970		711639		3297
812		2970		711639		3297
813		2970		711639		3297
814		2970		711639		3297
815		2970		711639		3297
816		2970		711639		3297
817		2970		711639		3297
818		2970		711639		3297
819		2970		711639		3297
820		2970		711639		3297
821		2970		711639		3297
822		2970		711639		3297
823		2970		711639		3297
824		2970		711639		3297
825		2970		711639		3297
826		2970		711639		3297
827		2970		711639		3297
828		2970		711639		3297
829		2970		711639		3297
830		2970		711639		3297
831		2970		711639		3297
832		2970		711639		3297
833		2970		711639		3297
834		2970		711639		3297
835		2970		711639		3297
836		2970		711639		3297
837		2970		711639		3297
838		2970		711639		3297
839		2970		711639		3297
840		2970		711639		3297
841		2970		711639		3297
842		2970		711639		3297
843		2970		711639		3297
844		2970		711639		3297
845		2970		711639		3297
846		2970		711639		3297
847		2970		711639		3297
848		2970		711639		3297
849		2970		711639		3297
850		2970		711639		3297
851		2970		711639		3297
852		2970		711639		3297
853		2970		711639		3297
854		2970		711639		3297
855		2970		711639		3297
856		2970		711639		3297
857		2970		711639		3297
858		2970		711639		3297
859		2970		711639		3297
860		2970		711639		3297
861		2970		711639		3297
862		2970		711639		3297
863		2970		711639		3297
864		2970		711639		3297
865		2970		711639		3297
866		2970		711639		3297
867		2970		711639		3297
868		2970		711639		3297
869		2970		711639		3297
870		2970		711639		3297
871		2970		711639		3297
872		2970		711639		3297
873		2970		711639		3297
874		2970		711639		3297
875		2970		711639		3297
876		2970		711639		3297
877		2970		711639		3297
878		2970		711639		3297
879		2970		711639		3297
880		2970		711639		3297
881		2970		711639		3297
882		2970		711639		3297
883		2970		711639		3297
884		2970		711639		3297
885		2970		711639		3297
886		2970		711639		3297
887		2970		711639		3297
888		2970		711639		3297
889		2970		711639		3297
890		2970		711639		3297
891		2970		711639		3297
892		2970		711639		3297
893		2970		711639		3297
894		2970		711639		3297
895		2970		711639		3297
896		2970		711639		3297
897		2970		711639		3297
898		2970		711639		3297
899		2970		711639		3297
900		2970		711639		3297
901		2970		711639		3297
902		2970		711639		3297
903		2970		711639		3297
904		2970		711639		3297
905		2970		711639		3297
906		2970		711639		3297
907		2970		711639		3297
908		2970		711639		3297
909		2970		711639		3297
910		2970		711639		3297
911		2970		711639		3297
912		2970		711639		3297
913		2970		711639		3297
914		2970		711639		3297
915		2970		711639		3297
916		2970		711639		3297
917		2970		711639		3297
918		2970		711639		3297
919		2970		711639		3297
920		2970		711639		3297
921		2970		711639		3297
922		2970		711639		3297
923		2970		711639		3297
924		2970		711639		3297
925		2970		711639		3297
926		2970		711639		3297
927		2970		711639		3297
928		2970		711639		3297
929		2970		711639		3297
930		2970		711639		3297
931		2970		711639		3297
932		2970		711639		3297
933		2970		711639		3297
934		2970		711639		3297
935		2970		711639		3297
936		2970		711639		3297
937		2970		711639		3297
938		2970		711639		3297
939		2970		711639		3297
940		2970		711639		3297
941		2970		711639		3297
942		2970		711639		3297
943		2970		711639		3297
944		2970		711639		3297
945		2970		711639		3297
946		2970		711639		3297
947		2970		711639		3297
948		2970		711639		3297
949		2970		711639		3297
950		2970		711639		3297
951		2970		711639		3297
952		2970		711639		3297
953		2970		711639		3297
954		2970		711639		3297
955		2970		711639		3297
956		2970		711639		3297
957		2970		711639		3297
958		2970		711639		3297
959		2970		711639		3297
960		2970		711639		3297
961		2970		711639		3297
962		2970		711639		3297
963		2970		711639		3297
964		2970		711639		3297
965		2970		711639		3297
966		2970		711639		3297
967		2970		711639		3297
968		2970		711639		3297
969		2970		711639		3297
970		2970		711639		3297
971		2970		711639		3297
972		2970		711639		3297
973		2970		711639		3297
974		2970		711639		3297
975		2970		711639		3297
976		2970		711639		3297
977		2970		711639		3297
978		2970		711639		3297
979		2970		711639		3297
980		2970		711639		3297
981		2970		711639		3297
982		2970		711639		3297
983		2970		711639		3297
984		2970		711639		3297
985		2970		711639		3297
986		2970		711639		3297
987		2970		711639		3297
988		2970		711639		3297
989		2970		711639		3297
990		2970		711639		3297
991		2970		711639		3297
992		2970		711639		3297
993		2970		711639		3297
994		2970		711639		3297
995		2970		711639		3297
996		2970		711639		3297
997		2970		711639		3297
998		2970		711639		3297
999		2970		711639		3297
