# Migration is number of nodes that have changed color.

Round		Edge-Cut		Swaps		Migrations		Skipped
0		111780		2726		1672
1		91564		5436		1912
2		73715		8150		1958
3		63465		10845		2010
4		57237		13536		2041
5		52419		16231		2050
6		49037		18900		2072
7		47096		21568		2061
8		45535		24237		2076
9		44649		26926		2066
10		44150		29585		2047
11		43716		32255		2058
12		43254		34921		2066
13		42958		37594		2062
14		42732		40250		2051
15		42534		42890		2059
16		42376		45538		2049
17		42088		48190		2040
18		41970		50836		2046
19		41845		53496		2052
20		41751		56134		2052
21		41679		58791		2055
22		41609		61447		2055
23		41566		64092		2055
24		41528		66747		2050
25		41506		69392		2052
26		41496		72051		2046
27		41459		74698		2041
28		41428		77354		2043
29		41370		80019		2044
30		41334		82666		2043
31		41281		85310		2043
32		41270		87963		2051
33		41256		90628		2051
34		41249		93264		2053
35		41244		95916		2051
36		41227		98574		2051
37		41219		101224		2047
38		41209		103868		2047
39		41196		106525		2047
40		41184		109176		2049
41		41173		111812		2050
42		41176		114464		2043
43		41169		117112		2043
44		41165		119766		2046
45		41161		122438		2043
46		41157		125106		2049
47		41144		127756		2044
48		41130		130409		2047
49		41118		133046		2043
50		41115		135694		2045
51		41115		138344		2044
52		41085		140994		2046
53		41077		143651		2051
54		41074		146304		2051
55		41063		148945		2048
56		41060		151607		2047
57		41047		154256		2053
58		41051		156912		2050
59		41047		159556		2052
60		41048		162209		2057
61		41050		164849		2059
62		41045		167497		2058
63		41043		170151		2058
64		41039		172798		2057
65		41028		175427		2056
66		41019		178060		2058
67		41021		180711		2056
68		41009		183350		2057
69		41009		186001		2058
70		41007		188656		2053
71		41001		191324		2054
72		40999		193989		2054
73		41005		196628		2053
74		40995		199284		2054
75		40996		201928		2054
76		40988		204578		2051
77		40985		207219		2050
78		40982		209879		2048
79		40981		212521		2048
80		40985		215183		2047
81		40982		217832		2047
82		40981		220484		2047
83		40977		223126		2052
84		40977		225785		2052
85		40977		228432		2052
86		40975		231086		2050
87		40977		233730		2051
88		40977		236378		2049
89		40975		239031		2050
90		40975		241677		2051
91		40974		244328		2049
92		40973		246975		2049
93		40972		249634		2051
94		40969		252281		2051
95		40967		254936		2050
96		40969		257585		2049
97		40968		260232		2049
98		40966		262878		2051
99		40965		265537		2052
100		40965		268198		2052
101		40965		270849		2053
102		40967		273495		2052
103		40967		276139		2053
104		40962		278801		2052
105		40961		281460		2052
106		40962		284108		2051
107		40962		286757		2051
108		40964		289421		2050
109		40960		292067		2055
110		40960		294720		2055
111		40959		297384		2055
112		40959		300026		2057
113		40957		302678		2057
114		40957		305331		2055
115		40957		307989		2055
116		40957		310648		2055
117		40957		313306		2055
118		40957		315959		2055
119		40957		318627		2056
120		40957		321291		2056
121		40957		323937		2055
122		40963		326574		2056
123		40962		329232		2053
124		40954		331866		2058
125		40953		334508		2055
126		40954		337160		2055
127		40954		339822		2056
128		40953		342484		2055
129		40951		345121		2056
130		40947		347768		2055
131		40947		350414		2054
132		40947		353062		2054
133		40948		355713		2055
134		40946		358373		2052
135		40945		361025		2055
136		40947		363670		2054
137		40947		366324		2054
138		40947		368957		2055
139		40947		371604		2059
140		40948		374258		2057
141		40948		376889		2056
142		40944		379538		2057
143		40942		382167		2057
144		40942		384828		2054
145		40939		387497		2054
146		40937		390137		2053
147		40939		392788		2049
148		40926		395440		2050
149		40925		398090		2049
150		40927		400751		2049
151		40926		403393		2051
152		40926		406034		2049
153		40928		408672		2051
154		40928		411321		2051
155		40928		413965		2054
156		40927		416618		2049
157		40927		419260		2048
158		40930		421916		2049
159		40929		424574		2051
160		40927		427220		2050
161		40929		429862		2052
162		40930		432493		2054
163		40928		435137		2055
164		40924		437790		2054
165		40922		440437		2056
166		40924		443075		2055
167		40927		445717		2053
168		40927		448349		2052
169		40928		451002		2051
170		40925		453646		2052
171		40921		456298		2053
172		40920		458953		2052
173		40919		461602		2051
174		40918		464269		2051
175		40916		466918		2050
176		40917		469575		2051
177		40921		472233		2053
178		40910		474887		2054
179		40910		477524		2055
180		40912		480167		2053
181		40910		482804		2050
182		40910		485456		2051
183		40909		488109		2048
184		40909		490760		2048
185		40908		493404		2048
186		40907		496049		2047
187		40906		498689		2049
188		40905		501339		2050
189		40906		504002		2049
190		40906		506664		2049
191		40906		509321		2048
192		40906		511973		2048
193		40908		514624		2048
194		40908		517283		2048
195		40908		519933		2047
196		40908		522584		2047
197		40906		525241		2049
198		40911		527886		2048
199		40908		530544		2046
200		40905		533194		2047
201		40905		535833		2048
202		40906		538494		2047
203		40906		541145		2048
204		40904		543798		2049
205		40904		546445		2048
206		40908		549100		2048
207		40910		551741		2046
208		40911		554395		2045
209		40910		557039		2045
210		40905		559702		2049
211		40905		562358		2049
212		40905		564993		2047
213		40908		567632		2047
214		40908		570285		2047
215		40910		572937		2047
216		40909		575592		2047
217		40909		578241		2045
218		40908		580892		2044
219		40906		583536		2045
220		40908		586180		2044
221		40910		588832		2043
222		40911		591482		2045
223		40908		594126		2046
224		40907		596776		2048
225		40906		599424		2049
226		40907		602078		2048
227		40902		604730		2048
228		40902		607381		2045
229		40904		610035		2045
230		40904		612690		2045
231		40906		615345		2044
232		40906		617993		2045
233		40906		620630		2045
234		40907		623291		2043
235		40906		625936		2045
236		40902		628588		2043
237		40901		631240		2044
238		40900		633889		2045
239		40900		636552		2046
240		40901		639196		2045
241		40901		641854		2045
242		40901		644513		2046
243		40901		647189		2045
244		40901		649840		2046
245		40900		652486		2049
246		40900		655133		2049
247		40900		657794		2049
248		40902		660454		2049
249		40902		663109		2049
250		40902		665766		2049
251		40901		668398		2049
252		40900		671049		2049
253		40902		673701		2049
254		40902		676351		2049
255		40902		678995		2048
256		40904		681650		2049
257		40904		684295		2049
258		40898		686938		2047
259		40898		689588		2047
260		40896		692243		2046
261		40896		694904		2046
262		40896		697557		2046
263		40896		700206		2046
264		40896		702846		2046
265		40896		705504		2047
266		40896		708141		2049
267		40896		710784		2050
268		40896		713439		2050
269		40896		716104		2049
270		40896		718754		2049
271		40896		721398		2049
272		40896		724036		2049
273		40896		726682		2049
274		40896		729321		2049
275		40896		731964		2049
276		40896		734602		2049
277		40895		737258		2050
278		40896		739910		2050
279		40896		742555		2049
280		40896		745203		2049
281		40896		747853		2050
282		40896		750499		2050
283		40896		753149		2050
284		40896		755806		2050
285		40896		758441		2050
286		40896		761087		2050
287		40896		763734		2050
288		40896		766385		2050
289		40896		769032		2050
290		40896		771677		2051
291		40896		774328		2051
292		40896		776980		2051
293		40895		779629		2051
294		40895		782287		2048
295		40895		784938		2048
296		40895		787576		2048
297		40895		790233		2048
298		40895		792871		2048
299		40895		795520		2048
300		40895		798171		2049
301		40895		800823		2049
302		40895		803468		2049
303		40894		806120		2048
304		40894		808769		2049
305		40894		811413		2048
306		40894		814053		2048
307		40894		816702		2048
308		40894		819346		2048
309		40894		821990		2048
310		40894		824644		2048
311		40894		827304		2048
312		40894		829959		2048
313		40894		832617		2049
314		40894		835255		2049
315		40894		837920		2049
316		40894		840562		2049
317		40896		843215		2049
318		40895		845865		2050
319		40895		848514		2050
320		40895		851167		2050
321		40895		853818		2050
322		40894		856466		2050
323		40894		859105		2049
324		40894		861760		2049
325		40894		864419		2049
326		40894		867065		2047
327		40894		869708		2047
328		40896		872367		2046
329		40896		875007		2044
330		40896		877643		2044
331		40898		880298		2046
332		40896		882945		2046
333		40896		885590		2046
334		40894		888239		2046
335		40894		890887		2046
336		40894		893541		2048
337		40894		896186		2048
338		40894		898821		2048
339		40894		901465		2048
340		40893		904108		2050
341		40893		906749		2050
342		40893		909408		2050
343		40893		912076		2051
344		40893		914717		2050
345		40893		917364		2050
346		40893		920014		2051
347		40893		922664		2051
348		40893		925301		2051
349		40895		927945		2049
350		40894		930600		2049
351		40894		933260		2049
352		40894		935904		2049
353		40894		938535		2049
354		40894		941186		2049
355		40894		943834		2049
356		40894		946494		2049
357		40894		949137		2049
358		40894		951795		2049
359		40894		954442		2049
360		40894		957102		2051
361		40894		959742		2050
362		40893		962402		2049
363		40892		965047		2049
364		40893		967699		2050
365		40891		970362		2051
366		40893		973010		2050
367		40893		975665		2049
368		40893		978311		2049
369		40893		980961		2050
370		40893		983614		2051
371		40893		986243		2052
372		40893		988900		2052
373		40895		991534		2052
374		40895		994190		2052
375		40895		996836		2052
376		40895		999489		2052
377		40895		1002131		2052
378		40896		1004790		2052
379		40896		1007438		2050
380		40895		1010092		2050
381		40895		1012755		2049
382		40895		1015411		2049
383		40895		1018060		2049
384		40895		1020698		2049
385		40895		1023348		2048
386		40895		1026017		2049
387		40894		1028652		2049
388		40894		1031309		2048
389		40894		1033960		2047
390		40894		1036612		2046
391		40894		1039274		2046
392		40896		1041930		2046
393		40896		1044575		2047
394		40896		1047234		2047
395		40896		1049880		2047
396		40896		1052523		2049
397		40897		1055157		2047
398		40897		1057823		2047
399		40895		1060468		2046
400		40895		1063126		2045
401		40901		1065783		2045
402		40899		1068448		2042
403		40911		1071099		2047
404		40910		1073752		2043
405		40906		1076394		2043
406		40906		1079047		2043
407		40912		1081693		2049
408		40912		1084350		2046
409		40914		1087006		2049
410		40919		1089652		2052
411		40920		1092293		2051
412		40915		1094928		2049
413		40915		1097570		2049
414		40918		1100230		2050
415		40918		1102886		2047
416		40919		1105538		2048
417		40915		1108188		2048
418		40914		1110840		2047
419		40913		1113472		2048
420		40917		1116109		2046
421		40918		1118762		2047
422		40918		1121414		2049
423		40908		1124059		2046
424		40909		1126726		2047
425		40908		1129377		2043
426		40907		1132015		2048
427		40908		1134673		2049
428		40908		1137332		2051
429		40907		1139978		2049
430		40907		1142608		2048
431		40904		1145247		2045
432		40905		1147891		2045
433		40905		1150536		2045
434		40905		1153186		2045
435		40905		1155824		2045
436		40907		1158476		2043
437		40908		1161126		2043
438		40907		1163777		2045
439		40906		1166420		2048
440		40903		1169070		2048
441		40905		1171720		2048
442		40904		1174368		2048
443		40902		1177029		2050
444		40904		1179685		2051
445		40904		1182336		2049
446		40905		1184996		2048
447		40905		1187648		2050
448		40904		1190305		2049
449		40904		1192949		2048
450		40903		1195604		2051
451		40903		1198255		2048
452		40906		1200893		2047
453		40905		1203539		2047
454		40902		1206191		2048
455		40900		1208842		2047
456		40901		1211482		2046
457		40906		1214133		2044
458		40908		1216763		2042
459		40906		1219398		2045
460		40906		1222059		2047
461		40906		1224694		2048
462		40910		1227349		2049
463		40908		1230007		2047
464		40907		1232645		2048
465		40906		1235300		2046
466		40904		1237945		2048
467		40908		1240593		2051
468		40905		1243233		2049
469		40906		1245887		2048
470		40906		1248513		2048
471		40907		1251167		2051
472		40906		1253811		2051
473		40907		1256456		2052
474		40906		1259085		2050
475		40906		1261724		2051
476		40905		1264383		2051
477		40904		1267037		2050
478		40902		1269695		2049
479		40902		1272346		2048
480		40902		1274984		2048
481		40903		1277634		2044
482		40903		1280279		2042
483		40903		1282940		2043
484		40902		1285593		2043
485		40902		1288241		2042
486		40902		1290882		2042
487		40902		1293544		2041
488		40902		1296182		2040
489		40904		1298831		2040
490		40904		1301484		2041
491		40904		1304141		2041
492		40906		1306796		2041
493		40902		1309458		2042
494		40903		1312117		2042
495		40903		1314766		2039
496		40903		1317406		2039
497		40901		1320064		2041
498		40902		1322707		2041
499		40902		1325354		2041
500		40902		1328009		2042
501		40902		1330655		2044
502		40902		1333298		2043
503		40900		1335942		2043
504		40900		1338588		2042
505		40902		1341231		2042
506		40902		1343882		2043
507		40902		1346530		2043
508		40903		1349173		2042
509		40904		1351814		2042
510		40905		1354445		2042
511		40905		1357104		2043
512		40905		1359764		2043
513		40904		1362420		2044
514		40903		1365055		2042
515		40904		1367700		2044
516		40904		1370336		2044
517		40905		1372972		2042
518		40904		1375631		2043
519		40904		1378278		2045
520		40905		1380933		2045
521		40904		1383582		2042
522		40902		1386228		2046
523		40901		1388865		2047
524		40899		1391508		2050
525		40899		1394175		2047
526		40899		1396815		2049
527		40898		1399464		2043
528		40900		1402119		2042
529		40896		1404782		2041
530		40896		1407433		2040
531		40896		1410078		2040
532		40894		1412727		2043
533		40894		1415372		2042
534		40893		1418021		2044
535		40892		1420674		2046
536		40892		1423343		2047
537		40892		1425999		2047
538		40892		1428654		2048
539		40891		1431308		2049
540		40891		1433944		2049
541		40891		1436588		2050
542		40891		1439242		2049
543		40891		1441899		2052
544		40893		1444562		2052
545		40893		1447223		2052
546		40891		1449876		2052
547		40891		1452517		2052
548		40891		1455167		2053
549		40891		1457824		2053
550		40891		1460476		2054
551		40893		1463126		2053
552		40892		1465774		2054
553		40892		1468420		2053
554		40892		1471060		2053
555		40891		1473722		2050
556		40891		1476377		2049
557		40891		1479035		2049
558		40890		1481690		2047
559		40891		1484343		2048
560		40893		1486984		2047
561		40893		1489640		2048
562		40893		1492289		2050
563		40893		1494947		2050
564		40893		1497596		2052
565		40892		1500243		2053
566		40892		1502908		2053
567		40892		1505550		2053
568		40892		1508203		2052
569		40892		1510860		2052
570		40892		1513503		2051
571		40892		1516158		2051
572		40892		1518817		2051
573		40892		1521459		2051
574		40892		1524112		2051
575		40892		1526775		2052
576		40891		1529426		2053
577		40892		1532086		2052
578		40892		1534752		2054
579		40893		1537399		2054
580		40893		1540065		2053
581		40893		1542707		2056
582		40889		1545377		2054
583		40894		1548031		2055
584		40891		1550676		2059
585		40895		1553326		2057
586		40894		1555974		2056
587		40890		1558608		2056
588		40890		1561260		2057
589		40890		1563903		2061
590		40889		1566549		2060
591		40891		1569203		2060
592		40891		1571853		2060
593		40888		1574508		2059
594		40888		1577149		2059
595		40889		1579803		2058
596		40889		1582466		2057
597		40889		1585118		2057
598		40889		1587776		2057
599		40889		1590441		2057
600		40887		1593096		2058
601		40886		1595734		2056
602		40887		1598393		2054
603		40887		1601033		2054
604		40888		1603697		2055
605		40890		1606345		2053
606		40889		1608989		2053
607		40889		1611627		2054
608		40889		1614293		2055
609		40889		1616951		2054
610		40887		1619586		2054
611		40889		1622245		2055
612		40889		1624898		2055
613		40888		1627548		2053
614		40888		1630203		2052
615		40888		1632844		2054
616		40887		1635493		2053
617		40885		1638142		2055
618		40883		1640801		2056
619		40885		1643450		2055
620		40887		1646099		2056
621		40885		1648770		2056
622		40885		1651433		2056
623		40885		1654069		2056
624		40885		1656720		2056
625		40885		1659363		2056
626		40883		1662016		2057
627		40883		1664672		2056
628		40883		1667332		2058
629		40883		1669987		2058
630		40885		1672655		2057
631		40886		1675294		2057
632		40885		1677935		2056
633		40883		1680580		2057
634		40882		1683227		2057
635		40882		1685881		2057
636		40884		1688540		2057
637		40882		1691192		2058
638		40883		1693837		2058
639		40884		1696488		2057
640		40883		1699131		2057
641		40883		1701788		2056
642		40881		1704447		2056
643		40880		1707096		2056
644		40880		1709747		2055
645		40882		1712397		2054
646		40885		1715062		2056
647		40886		1717722		2056
648		40882		1720369		2055
649		40878		1723013		2055
650		40882		1725671		2055
651		40884		1728319		2055
652		40883		1730972		2055
653		40883		1733618		2055
654		40885		1736271		2055
655		40885		1738914		2054
656		40885		1741557		2053
657		40884		1744214		2052
658		40887		1746875		2053
659		40885		1749534		2052
660		40885		1752195		2052
661		40884		1754845		2051
662		40884		1757498		2051
663		40886		1760139		2051
664		40886		1762786		2053
665		40886		1765430		2053
666		40885		1768062		2054
667		40884		1770714		2053
668		40884		1773371		2053
669		40885		1776026		2052
670		40885		1778673		2052
671		40885		1781312		2051
672		40885		1783970		2051
673		40883		1786610		2050
674		40883		1789261		2049
675		40883		1791910		2050
676		40883		1794555		2053
677		40883		1797217		2052
678		40883		1799859		2052
679		40883		1802503		2052
680		40883		1805149		2052
681		40879		1807798		2052
682		40879		1810444		2052
683		40879		1813082		2052
684		40879		1815736		2051
685		40879		1818383		2051
686		40879		1821035		2051
687		40879		1823691		2049
688		40879		1826349		2051
689		40879		1828978		2051
690		40879		1831625		2051
691		40879		1834267		2051
692		40879		1836923		2051
693		40879		1839570		2052
694		40879		1842204		2051
695		40879		1844862		2050
696		40879		1847514		2050
697		40879		1850170		2050
698		40879		1852804		2050
699		40881		1855451		2052
700		40881		1858090		2054
701		40883		1860754		2053
702		40882		1863405		2052
703		40882		1866042		2052
704		40882		1868695		2052
705		40881		1871333		2050
706		40883		1873980		2050
707		40884		1876627		2049
708		40884		1879272		2049
709		40882		1881911		2050
710		40883		1884557		2051
711		40882		1887207		2052
712		40882		1889863		2052
713		40881		1892518		2051
714		40882		1895172		2052
715		40881		1897816		2051
716		40882		1900464		2053
717		40882		1903101		2053
718		40880		1905735		2049
719		40881		1908378		2051
720		40881		1911014		2051
721		40879		1913662		2049
722		40879		1916301		2050
723		40879		1918947		2050
724		40879		1921602		2050
725		40879		1924250		2053
726		40879		1926905		2053
727		40879		1929561		2053
728		40879		1932215		2053
729		40879		1934867		2054
730		40881		1937518		2057
731		40881		1940165		2057
732		40880		1942810		2055
733		40882		1945455		2057
734		40880		1948100		2057
735		40880		1950750		2057
736		40882		1953425		2058
737		40883		1956071		2055
738		40883		1958707		2056
739		40881		1961354		2056
740		40881		1964010		2057
741		40882		1966665		2057
742		40882		1969303		2057
743		40882		1971950		2054
744		40881		1974605		2053
745		40881		1977246		2053
746		40881		1979887		2053
747		40881		1982544		2053
748		40879		1985179		2053
749		40879		1987826		2053
750		40879		1990471		2053
751		40879		1993122		2052
752		40879		1995784		2052
753		40879		1998443		2048
754		40879		2001090		2048
755		40879		2003747		2048
756		40879		2006410		2048
757		40879		2009058		2046
758		40879		2011707		2046
759		40879		2014362		2047
760		40879		2017002		2047
761		40881		2019643		2050
762		40881		2022286		2050
763		40881		2024934		2050
764		40881		2027573		2050
765		40881		2030222		2050
766		40881		2032875		2048
767		40883		2035525		2048
768		40883		2038174		2050
769		40880		2040814		2051
770		40880		2043481		2049
771		40880		2046144		2049
772		40880		2048795		2049
773		40880		2051459		2049
774		40880		2054108		2050
775		40880		2056770		2050
776		40879		2059412		2051
777		40879		2062047		2051
778		40879		2064706		2053
779		40880		2067347		2053
780		40880		2069990		2054
781		40879		2072631		2054
782		40879		2075287		2054
783		40879		2077943		2055
784		40879		2080595		2055
785		40878		2083250		2055
786		40880		2085894		2056
787		40882		2088546		2055
788		40881		2091193		2057
789		40881		2093837		2059
790		40881		2096481		2058
791		40883		2099112		2059
792		40883		2101762		2059
793		40883		2104403		2059
794		40883		2107051		2059
795		40883		2109697		2058
796		40885		2112360		2058
797		40887		2114999		2058
798		40887		2117666		2058
799		40887		2120324		2059
800		40887		2122987		2059
801		40887		2125648		2059
802		40889		2128294		2058
803		40889		2130944		2058
804		40889		2133580		2058
805		40888		2136228		2058
806		40888		2138877		2057
807		40887		2141537		2057
808		40887		2144193		2057
809		40886		2146838		2057
810		40886		2149491		2056
811		40886		2152122		2056
812		40886		2154774		2055
813		40886		2157431		2055
814		40886		2160088		2054
815		40886		2162738		2055
816		40886		2165402		2055
817		40887		2168052		2055
818		40887		2170692		2055
819		40888		2173348		2056
820		40885		2175997		2054
821		40885		2178641		2054
822		40885		2181282		2054
823		40885		2183923		2054
824		40885		2186581		2054
825		40885		2189223		2054
826		40885		2191863		2056
827		40885		2194517		2056
828		40885		2197163		2055
829		40885		2199825		2055
830		40884		2202468		2058
831		40885		2205120		2058
832		40884		2207778		2056
833		40886		2210442		2056
834		40883		2213092		2055
835		40882		2215738		2055
836		40881		2218383		2055
837		40881		2221032		2055
838		40881		2223687		2053
839		40882		2226325		2055
840		40882		2228962		2055
841		40880		2231608		2055
842		40884		2234259		2055
843		40882		2236902		2054
844		40880		2239534		2053
845		40880		2242174		2052
846		40880		2244826		2052
847		40880		2247486		2052
848		40879		2250133		2050
849		40878		2252767		2051
850		40878		2255408		2051
851		40878		2258059		2053
852		40880		2260712		2053
853		40878		2263335		2054
854		40878		2265976		2054
855		40880		2268638		2053
856		40878		2271279		2053
857		40878		2273932		2053
858		40878		2276580		2053
859		40880		2279240		2054
860		40878		2281901		2054
861		40878		2284553		2054
862		40880		2287205		2054
863		40878		2289861		2054
864		40878		2292513		2054
865		40880		2295169		2053
866		40880		2297831		2053
867		40879		2300470		2050
868		40879		2303112		2053
869		40879		2305768		2053
870		40879		2308433		2053
871		40879		2311081		2053
872		40879		2313720		2054
873		40879		2316381		2054
874		40878		2319016		2055
875		40878		2321664		2057
876		40878		2324312		2056
877		40878		2326971		2055
878		40878		2329623		2055
879		40878		2332279		2055
880		40878		2334922		2054
881		40878		2337569		2054
882		40878		2340228		2054
883		40878		2342887		2054
884		40878		2345549		2054
885		40878		2348206		2054
886		40877		2350847		2053
887		40877		2353489		2053
888		40877		2356134		2054
889		40877		2358786		2054
890		40877		2361441		2054
891		40877		2364079		2054
892		40877		2366737		2055
893		40877		2369374		2053
894		40877		2372022		2053
895		40877		2374661		2054
896		40877		2377296		2054
897		40877		2379940		2054
898		40877		2382600		2054
899		40877		2385257		2054
900		40877		2387909		2054
901		40877		2390558		2054
902		40877		2393205		2054
903		40877		2395867		2054
904		40877		2398513		2053
905		40877		2401156		2053
906		40877		2403809		2053
907		40877		2406471		2053
908		40877		2409128		2052
909		40877		2411775		2053
910		40877		2414422		2053
911		40877		2417067		2053
912		40877		2419705		2055
913		40877		2422367		2055
914		40877		2425013		2055
915		40877		2427656		2053
916		40877		2430308		2053
917		40877		2432962		2053
918		40877		2435611		2053
919		40877		2438243		2053
920		40877		2440899		2053
921		40877		2443561		2053
922		40877		2446219		2053
923		40877		2448885		2053
924		40877		2451529		2051
925		40877		2454189		2052
926		40877		2456840		2052
927		40877		2459491		2052
928		40877		2462139		2052
929		40877		2464799		2052
930		40877		2467439		2052
931		40877		2470088		2051
932		40877		2472735		2051
933		40877		2475385		2051
934		40877		2478016		2051
935		40877		2480671		2051
936		40877		2483325		2051
937		40877		2485981		2051
938		40877		2488635		2050
939		40877		2491277		2050
940		40877		2493924		2050
941		40877		2496568		2050
942		40877		2499219		2050
943		40877		2501877		2050
944		40877		2504527		2051
945		40877		2507177		2051
946		40877		2509819		2051
947		40877		2512467		2051
948		40877		2515113		2049
949		40877		2517761		2049
950		40877		2520415		2049
951		40877		2523065		2049
952		40877		2525720		2047
953		40877		2528368		2047
954		40877		2531016		2047
955		40877		2533652		2048
956		40877		2536299		2047
957		40877		2538947		2047
958		40877		2541605		2047
959		40877		2544247		2047
960		40877		2546916		2048
961		40877		2549563		2048
962		40877		2552214		2047
963		40877		2554862		2047
964		40877		2557519		2048
965		40877		2560173		2047
966		40877		2562840		2048
967		40877		2565479		2048
968		40877		2568136		2048
969		40877		2570777		2048
970		40877		2573414		2048
971		40877		2576067		2048
972		40877		2578732		2048
973		40877		2581388		2048
974		40877		2584035		2048
975		40877		2586689		2047
976		40877		2589352		2047
977		40877		2592001		2047
978		40877		2594636		2047
979		40877		2597286		2048
980		40877		2599946		2048
981		40877		2602597		2048
982		40877		2605243		2047
983		40877		2607882		2047
984		40879		2610531		2050
985		40879		2613194		2050
986		40877		2615851		2049
987		40879		2618508		2051
988		40879		2621161		2051
989		40879		2623804		2051
990		40877		2626450		2049
991		40877		2629103		2049
992		40877		2631761		2050
993		40877		2634419		2051
994		40877		2637064		2051
995		40879		2639720		2051
996		40877		2642367		2052
997		40877		2645031		2052
998		40877		2647680		2052
999		40877		2650321		2052
